12.795315
12.434667
12.084505
11.744915
11.415339
11.095115
10.783863
10.481867
10.188744
9.904172
9.627960
9.359919
9.099587
8.846530
8.601383
8.363178
8.132022
7.907385
7.689612
7.477943
7.272422
7.073381
6.880146
6.692925
6.510684
6.333817
6.161984
5.995130
5.832986
5.675448
5.522416
5.373791
5.229720
5.089666
4.953820
4.821903
4.693685
4.569171
4.448194
4.330728
4.216589
4.105675
3.997917
3.893322
3.791781
3.693098
3.597173
3.504043
3.413610
3.325659
3.240323
3.157568
3.077126
2.998914
2.922915
2.849083
2.777367
2.707691
2.639956
2.574176
2.510223
2.447978
2.387510
2.328806
2.271725
2.216328
2.162457
2.110052
2.059108
2.009567
1.961470
1.914692
1.869182
1.824956
1.781943
1.740170
1.699504
1.659993
1.621570
1.584203
1.547858
1.512522
1.478135
1.444713
1.412199
1.380572
1.349822
1.319886
1.290763
1.262460
1.234902
1.208121
1.182034
1.156644
1.131973
1.107943
1.084565
1.061808
1.039636
1.018081
0.997101
0.976665
0.956772
0.937411
0.918559
0.900205
0.882320
0.864914
0.847954
0.831437
0.815318
0.799643
0.784369
0.769480
0.754968
0.740834
0.727079
0.713659
0.700583
0.687852
0.675430
0.663318
0.651508
0.640001
0.628797
0.617856
0.607206
0.596808
0.586679
0.576799
0.567148
0.557744
0.548571
0.539624
0.530900
0.522381
0.514056
0.505935
0.498017
0.490286
0.482727
0.475345
0.468147
0.461114
0.454251
0.447548
0.441001
0.434610
0.428364
0.422261
0.416299
0.410471
0.404778
0.399216
0.393776
0.388460
0.383266
0.378186
0.373217
0.368359
0.363610
0.358964
0.354419
0.349972
0.345620
0.341364
0.337198
0.333124
0.329136
0.325228
0.321404
0.317661
0.313998
0.310409
0.306895
0.303453
0.300083
0.296780
0.293544
0.290373
0.287265
0.284219
0.281234
0.278308
0.275440
0.272629
0.269872
0.267167
0.264514
0.261913
0.259362
0.256860
0.254404
0.251994
0.249630
0.247308
0.245030
0.242793
0.240597
0.238441
0.236324
0.234248
0.232206
0.230201
0.228232
0.226297
0.224397
0.222528
0.220690
0.218885
0.217110
0.215369
0.213657
0.211973
0.210317
0.208688
0.207086
0.205510
0.203960
0.202436
0.200937
0.199463
0.198012
0.196584
0.195178
0.193794
0.192433
0.191094
0.189774
0.188477
0.187199
0.185940
0.184700
0.183479
0.182276
0.181091
0.179924
0.178775
0.177642
0.176525
0.175427
0.174343
0.173276
0.172222
0.171185
0.170162
0.169155
0.168162
0.167182
0.166217
0.165264
0.164325
0.163399
0.162486
0.161586
0.160698
0.159821
0.158957
0.158105
0.157263
0.156433
0.155614
0.154805
0.154007
0.153219
0.152443
0.151676
0.150919
0.150172
0.149434
0.148707
0.147988
0.147279
0.146579
0.145887
0.145205
0.144531
0.143865
0.143207
0.142558
0.141917
0.141284
0.140658
0.140040
0.139429
0.138826
0.138230
0.137641
0.137059
0.136484
0.135917
0.135356
0.134802
0.134254
0.133714
0.133179
0.132650
0.132128
0.131612
0.131102
0.130599
0.130100
0.129607
0.129120
0.128639
0.128164
0.127694
0.127229
0.126768
0.126314
0.125866
0.125421
0.124982
0.124549
0.124119
0.123694
0.123275
0.122860
0.122449
0.122044
0.121643
0.121246
0.120854
0.120465
0.120082
0.119702
0.119326
0.118955
0.118588
0.118224
0.117865
0.117510
0.117158
0.116810
0.116466
0.116126
0.115790
0.115457
0.115128
0.114802
0.114480
0.114161
0.113845
0.113534
0.113225
0.112919
0.112617
0.112318
0.112022
0.111730
0.111441
0.111155
0.110871
0.110591
0.110314
0.110039
0.109768
0.109499
0.109233
0.108970
0.108710
0.108452
0.108198
0.107945
0.107696
0.107449
0.107205
0.106963
0.106724
0.106488
0.106253
0.106021
0.105792
0.105565
0.105340
0.105118
0.104897
0.104680
0.104464
0.104251
0.104040
0.103831
0.103624
0.103420
0.103217
0.103017
0.102818
0.102622
0.102427
0.102235
0.102045
0.101857
0.101670
0.101486
0.101303
0.101122
0.100943
0.100766
0.100591
0.100417
0.100245
0.100075
0.099907
0.099741
0.099576
0.099413
0.099251
0.099091
0.098933
0.098777
0.098622
0.098468
0.098316
0.098166
0.098017
0.097869
0.097723
0.097579
0.097436
0.097295
0.097155
0.097016
0.096879
0.096743
0.096609
0.096476
0.096344
0.096213
0.096084
0.095957
0.095830
0.095705
0.095581
0.095458
0.095337
0.095217
0.095098
0.094980
0.094863
0.094748
0.094633
0.094520
0.094408
0.094297
0.094188
0.094079
0.093971
0.093865
0.093759
0.093655
0.093552
0.093450
0.093348
0.093248
0.093149
0.093051
0.092954
0.092858
0.092762
0.092668
0.092575
0.092482
0.092391
0.092300
0.092211
0.092122
0.092034
0.091947
0.091861
0.091776
0.091691
0.091608
0.091525
0.091443
0.091362
0.091282
0.091203
0.091124
0.091046
0.090969
0.090893
0.090817
0.090743
0.090669
0.090595
0.090523
0.090451
0.090380
0.090309
0.090240
0.090171
0.090102
0.090035
0.089968
0.089902
0.089836
0.089771
0.089707
0.089643
0.089580
0.089518
0.089456
0.089395
0.089334
0.089274
0.089215
0.089156
0.089098
0.089041
0.088984
0.088927
0.088871
0.088816
0.088761
0.088707
0.088653
0.088600
0.088548
0.088496
0.088444
0.088393
0.088343
0.088292
0.088243
0.088194
0.088145
0.088097
0.088050
0.088003
0.087956
0.087910
0.087864
0.087819
0.087774
0.087730
0.087686
0.087643
0.087600
0.087557
0.087515
0.087473
0.087432
0.087391
0.087350
0.087310
0.087271
0.087231
0.087192
0.087154
0.087116
0.087078
0.087041
0.087004
0.086967
0.086931
0.086895
0.086859
0.086824
0.086789
0.086755
0.086721
0.086687
0.086653
0.086620
0.086587
0.086555
0.086523
0.086491
0.086459
0.086428
0.086397
0.086367
0.086336
0.086306
0.086277
0.086247
0.086218
0.086190
0.086161
0.086133
0.086105
0.086077
0.086050
0.086023
0.085996
0.085969
0.085943
0.085917
0.085891
0.085866
0.085840
0.085815
0.085791
0.085766
0.085742
0.085718
0.085694
0.085670
0.085647
0.085624
0.085601
0.085579
0.085556
0.085534
0.085512
0.085490
0.085469
0.085448
0.085426
0.085405
0.085385
0.085364
0.085344
0.085324
0.085304
0.085285
0.085265
0.085246
0.085227
0.085208
0.085189
0.085171
0.085152
0.085134
0.085116
0.085098
0.085081
0.085063
0.085046
0.085029
0.085012
0.084995
0.084979
0.084962
0.084946
0.084930
0.084914
0.084898
0.084883
0.084867
0.084852
0.084837
0.084822
0.084807
0.084792
0.084778
0.084763
0.084749
0.084735
0.084721
0.084707
0.084693
0.084680
0.084666
0.084653
0.084640
0.084627
0.084614
0.084601
0.084588
0.084576
0.084564
0.084551
0.084539
0.084527
0.084515
0.084503
0.084492
0.084480
0.084469
0.084457
0.084446
0.084435
0.084424
0.084413
0.084402
0.084392
0.084381
0.084371
0.084360
0.084350
0.084340
0.084330
0.084320
0.084310
0.084300
0.084291
0.084281
0.084272
0.084262
0.084253
0.084244
0.084235
0.084226
0.084217
0.084208
0.084199
0.084191
0.084182
0.084174
0.084165
0.084157
0.084149
0.084141
0.084133
0.084125
0.084117
0.084109
0.084101
0.084094
0.084086
0.084078
0.084071
0.084064
0.084056
0.084049
0.084042
0.084035
0.084028
0.084021
0.084014
0.084007
0.084001
0.083994
0.083987
0.083981
0.083974
0.083968
0.083962
0.083955
0.083949
0.083943
0.083937
0.083931
0.083925
0.083919
0.083913
0.083907
0.083902
0.083896
0.083890
0.083885
0.083879
0.083874
0.083868
0.083863
0.083858
0.083853
0.083847
0.083842
0.083837
0.083832
0.083827
0.083822
0.083817
0.083813
0.083808
0.083803
0.083798
0.083794
0.083789
0.083785
0.083780
0.083776
0.083771
0.083767
0.083763
0.083758
0.083754
0.083750
0.083746
0.083742
0.083737
0.083733
0.083729
0.083726
0.083722
0.083718
0.083714
0.083710
0.083706
0.083703
0.083699
0.083695
0.083692
0.083688
0.083685
0.083681
0.083678
0.083674
0.083671
0.083667
0.083664
0.083661
0.083658
0.083654
0.083651
0.083648
0.083645
0.083642
0.083639
0.083636
0.083633
0.083630
0.083627
0.083624
0.083621
0.083618
0.083615
0.083612
0.083609
0.083607
0.083604
0.083601
0.083599
0.083596
0.083593
0.083591
0.083588
0.083586
0.083583
0.083581
0.083578
0.083576
0.083573
0.083571
0.083568
0.083566
0.083564
0.083562
0.083559
0.083557
0.083555
0.083553
0.083550
0.083548
0.083546
0.083544
0.083542
0.083540
0.083538
0.083536
0.083534
0.083532
0.083530
0.083528
0.083526
0.083524
0.083522
0.083520
0.083518
0.083516
0.083515
0.083513
0.083511
0.083509
0.083507
0.083506
0.083504
0.083502
0.083501
0.083499
0.083497
0.083496
0.083494
0.083492
0.083491
0.083489
0.083488
0.083486
0.083485
0.083483
0.083482
0.083480
0.083479
0.083477
0.083476
0.083474
0.083473
0.083472
0.083470
0.083469
0.083467
0.083466
0.083465
0.083463
0.083462
0.083461
0.083460
0.083458
0.083457
0.083456
0.083455
0.083453
0.083452
0.083451
0.083450
0.083449
0.083448
0.083446
0.083445
0.083444
0.083443
0.083442
0.083441
0.083440
0.083439
0.083438
0.083437
0.083436
0.083435
0.083434
0.083433
0.083432
0.083431
0.083430
0.083429
0.083428
0.083427
0.083426
0.083425
0.083424
0.083423
0.083422
0.083421
0.083421
0.083420
0.083419
0.083418
0.083417
0.083416
0.083415
0.083415
0.083414
0.083413
0.083412
0.083411
0.083411
0.083410
0.083409
0.083408
0.083408
0.083407
0.083406
0.083405
0.083405
0.083404
0.083403
0.083403
0.083402
0.083401
0.083400
0.083400
0.083399
0.083398
0.083398
0.083397
0.083397
0.083396
0.083395
0.083395
0.083394
0.083393
0.083393
0.083392
0.083392
0.083391
0.083391
0.083390
0.083389
0.083389
0.083388
0.083388
0.083387
0.083387
0.083386
0.083386
0.083385
0.083385
0.083384
0.083384
0.083383
0.083383
0.083382
0.083382
0.083381
0.083381
0.083380
0.083380
0.083379
0.083379
0.083378
0.083378
0.083377
0.083377
0.083377
0.083376
0.083376
0.083375
0.083375
0.083374
0.083374
0.083374
0.083373
0.083373
0.083372
0.083372
0.083372
0.083371
0.083371
0.083370
0.083370
0.083370
0.083369
0.083369
0.083369
0.083368
0.083368
0.083368
0.083367
0.083367
0.083367
0.083366
0.083366
0.083366
0.083365
0.083365
0.083365
0.083364
0.083364
0.083364
0.083363
0.083363
0.083363
0.083363
0.083362
0.083362
0.083362
0.083361
0.083361
0.083361
0.083361
0.083360
0.083360
0.083360
0.083359
0.083359
0.083359
0.083359
0.083358
0.083358
0.083358
0.083358
0.083357
0.083357
0.083357
0.083357
0.083357
0.083356
0.083356
0.083356
0.083356
0.083355
0.083355
0.083355
0.083355
0.083355
0.083354
0.083354
0.083354
0.083354
0.083353
0.083353
0.083353
0.083353
0.083353
0.083353
0.083352
0.083352
0.083352
0.083352
0.083352
0.083351
0.083351
0.083351
0.083351
0.083351
0.083350
0.083350
0.083350
0.083350
0.083350
0.083350
0.083350
0.083349
0.083349
0.083349
0.083349
0.083349
0.083349
0.083348
0.083348
0.083348
0.083348
0.083348
0.083348
0.083348
0.083347
0.083347
0.083347
0.083347
0.083347
0.083347
0.083347
0.083346
0.083346
0.083346
0.083346
0.083346
0.083346
0.083346
0.083346
0.083345
0.083345
0.083345
0.083345
0.083345
0.083345
0.083345
0.083345
0.083344
0.083344
0.083344
0.083344
0.083344
0.083344
0.083344
0.083344
0.083344
0.083344
0.083343
0.083343
0.083343
0.083343
0.083343
0.083343
0.083343
0.083343
0.083343
0.083343
0.083342
0.083342
0.083342
0.083342
0.083342
0.083342
0.083342
0.083342
0.083342
0.083342
0.083342
0.083341
0.083341
0.083341
0.083341
0.083341
0.083341
0.083341
0.083341
0.083341
0.083341
0.083341
0.083341
0.083341
0.083340
0.083340
0.083340
0.083340
0.083340
0.083340
0.083340
0.083340
0.083340
0.083340
0.083340
0.083340
0.083340
0.083340
0.083340
0.083339
0.083339
0.083339
0.083339
0.083339
0.083339
0.083339
0.083339
0.083339
0.083339
0.083339
0.083339
0.083339
0.083339
0.083339
0.083339
0.083339
0.083339
0.083338
0.083338
0.083338
0.083338
0.083338
0.083338
0.083338
0.083338
0.083338
0.083338
0.083338
0.083338
0.083338
0.083338
0.083338
0.083338
0.083338
0.083338
0.083338
0.083338
0.083338
0.083338
0.083337
0.083337
0.083337
0.083337
0.083337
0.083337
0.083337
0.083337
0.083337
0.083337
0.083337
0.083337
0.083337
0.083337
0.083337
0.083337
0.083337
0.083337
0.083337
0.083337
0.083337
0.083337
0.083337
0.083337
0.083337
0.083337
0.083337
0.083336
0.083336
0.083336
0.083336
0.083336
0.083336
0.083336
0.083336
0.083336
0.083336
0.083336
0.083336
0.083336
0.083336
0.083336
0.083336
0.083336
0.083336
0.083336
0.083336
0.083336
0.083336
0.083336
0.083336
0.083336
0.083336
0.083336
0.083336
0.083336
0.083336
0.083336
0.083336
0.083336
0.083336
0.083336
0.083336
0.083336
0.083336
0.083335
0.083335
0.083335
0.083335
0.083335
0.083335
0.083335
0.083335
0.083335
0.083335
0.083335
0.083335
0.083335
0.083335
0.083335
0.083335
0.083335
0.083335
0.083335
0.083335
0.083335
0.083335
0.083335
0.083335
0.083335
0.083335
0.083335
0.083335
0.083335
0.083335
0.083335
0.083335
0.083335
0.083335
0.083335
0.083335
0.083335
0.083335
0.083335
0.083335
0.083335
0.083335
0.083335
0.083335
0.083335
0.083335
0.083335
0.083335
0.083335
0.083335
0.083335
0.083335
0.083335
0.083335
0.083335
0.083335
0.083335
0.083335
0.083335
0.083335
0.083335
0.083335
0.083334
0.083334
0.083334
0.083334
0.083334
0.083334
0.083334
0.083334
0.083334
0.083334
0.083334
0.083334
0.083334
0.083334
0.083334
0.083334
0.083334
0.083334
0.083334
0.083334
0.083334
0.083334
0.083334
0.083334
0.083334
0.083334
0.083334
0.083334
0.083334
0.083334
0.083334
0.083334
0.083334
0.083334
0.083334
0.083334
0.083334
0.083334
0.083334
0.083334
0.083334
0.083334
0.083334
0.083334
0.083334
0.083334
0.083334
0.083334
0.083334
0.083334
0.083334
0.083334
0.083334
0.083334
0.083334
0.083334
0.083334
0.083334
0.083334
0.083334
0.083334
0.083334
0.083334
0.083334
0.083334
0.083334
0.083334
0.083334
0.083334
0.083334
0.083334
0.083334
0.083334
0.083334
0.083334
0.083334
0.083334
0.083334
0.083334
0.083334
0.083334
0.083334
0.083334
0.083334
0.083334
0.083334
0.083334
0.083334
0.083334
0.083334
0.083334
0.083334
0.083334
0.083334
0.083334
0.083334
0.083334
0.083334
0.083334
0.083334
0.083334
0.083334
0.083334
0.083334
0.083334
0.083334
0.083334
0.083334
0.083334
0.083334
0.083334
0.083334
0.083334
0.083334
0.083334
0.083334
0.083334
0.083334
0.083334
0.083334
0.083334
0.083334
0.083334
0.083334
0.083334
0.083334
0.083334
0.083334
0.083334
0.083334
0.083334
0.083334
0.083334
0.083334
0.083334
0.083334
0.083334
0.083334
0.083334
0.083334
0.083334
0.083334
0.083334
0.083334
0.083334
0.083334
0.083334
0.083334
0.083334
0.083334
0.083334
0.083334
0.083334
0.083334
0.083334
0.083334
0.083334
0.083334
0.083334
0.083334
0.083334
0.083334
0.083334
0.083334
0.083334
0.083334
0.083334
0.083334
0.083334
0.083334
0.083334
0.083334
0.083334
0.083334
0.083334
0.083334
0.083334
0.083334
0.083334
0.083334
0.083334
0.083334
0.083334
0.083334
0.083334
0.083334
0.083334
0.083334
0.083334
0.083334
0.083334
0.083334
0.083333
0.083334
0.083333
0.083333
0.083333
0.083333
0.083333
0.083333
0.083333
0.083333
0.083333
0.083333
0.083333
0.083333
0.083333
0.083333
0.083333
0.083333
0.083333
0.083333
0.083333
0.083333
0.083333
0.083333
0.083333
0.083333
0.083333
0.083333
0.083333
0.083333
0.083333
0.083333
0.083333
0.083333
0.083333
0.083333
0.083333
0.083333
0.083333
0.083333
0.083333
0.083333
0.083333
0.083333
0.083333
0.083333
0.083333
0.083333
0.083333
0.083333
0.083333
0.083333
0.083333
0.083333
0.083333
0.083333
0.083333
0.083333
0.083333
0.083333
0.083333
0.083333
0.083333
0.083333
0.083333
0.083333
0.083333
0.083333
0.083333
0.083333
0.083333
0.083333
0.083333
0.083333
0.083333
0.083333
0.083333
0.083333
0.083333
0.083333
0.083333
0.083333
0.083333
0.083333
0.083333
0.083333
0.083333
0.083333
0.083333
0.083333
0.083333
0.083333
0.083333
0.083333
0.083333
0.083333
0.083333
0.083333
0.083333
0.083333
0.083333
0.083333
0.083333
0.083333
0.083333
0.083333
0.083333
0.083333
0.083333
0.083333
0.083333
0.083333
0.083333
0.083333
0.083333
0.083333
0.083333
0.083333
0.083333
0.083333
0.083333
0.083333
0.083333
0.083333
0.083333
0.083333
0.083333
0.083333
0.083333
0.083333
0.083333
0.083333
0.083333
0.083333
0.083333
0.083333
0.083333
0.083333
0.083333
0.083333
0.083333
0.083333
0.083333
0.083333
0.083333
0.083333
0.083333
0.083333
0.083333
0.083333
0.083333
0.083333
0.083333
0.083333
0.083333
0.083333
0.083333
0.083333
0.083333
0.083333
0.083333
0.083333
0.083333
0.083333
0.083333
0.083333
0.083333
0.083333
0.083333
0.083333
0.083333
0.083333
0.083333
0.083333
0.083333
0.083333
0.083333
0.083333
0.083333
0.083333
0.083333
0.083333
0.083333
0.083333
0.083333
0.083333
0.083333
0.083333
0.083333
0.083333
0.083333
0.083333
0.083333
0.083333
0.083333
0.083333
0.083333
0.083333
0.083333
0.083333
0.083333
0.083333
0.083333
0.083333
0.083333
0.083333
0.083333
0.083333
0.083333
0.083333
0.083333
0.083333
0.083333
0.083333
0.083333
0.083333
0.083333
0.083333
0.083333
0.083333
0.083333
0.083333
0.083333
0.083333
0.083333
0.083333
0.083333
0.083333
0.083333
0.083333
0.083333
0.083333
0.083333
0.083333
0.083333
0.083333
0.083333
0.083333
0.083333
0.083333
0.083333
0.083333
0.083333
0.083333
0.083333
0.083333
0.083333
0.083333
0.083333
0.083333
0.083333
0.083333
0.083333
0.083333
0.083333
0.083333
0.083333
0.083333
0.083333
0.083333
0.083333
0.083333
0.083333
0.083333
0.083333
0.083333
0.083333
0.083333
0.083333
0.083333
0.083333
0.083333
0.083333
0.083333
0.083333
0.083333
0.083333
0.083333
0.083333
0.083333
0.083333
0.083333
0.083333
0.083333
0.083333
0.083333
0.083333
0.083333
0.083333
0.083333
0.083333
0.083333
0.083333
0.083333
0.083333
0.083333
0.083333
0.083333
0.083333
0.083333
0.083333
0.083333
0.083333
0.083333
0.083333
0.083333
0.083333
0.083333
0.083333
0.083333
0.083333
0.083333
0.083333
0.083333
0.083333
0.083333
0.083333
0.083333
0.083333
0.083333
0.083333
0.083333
0.083333
0.083333
0.083333
0.083333
0.083333
0.083333
0.083333
0.083333
0.083333
0.083333
0.083333
0.083333
0.083333
0.083333
0.083333
0.083333
0.083333
0.083333
0.083333
0.083333
0.083333
0.083333
0.083333
0.083333
0.083333
0.083333
0.083333
0.083333
0.083333
0.083333
0.083333
0.083333
0.083333
0.083333
0.083333
0.083333
0.083333
0.083333
0.083333
0.083333
0.083333
0.083333
0.083333
0.083333
0.083333
0.083333
0.083333
0.083333
0.083333
0.083333
0.083333
0.083333
0.083333
0.083333
0.083333
0.083333
0.083333
0.083333
0.083333
0.083333
0.083333
0.083333
0.083333
0.083333
0.083333
0.083333
0.083333
0.083333
0.083333
0.083333
0.083333
0.083333
0.083333
0.083333
0.083333
0.083333
0.083333
0.083333
0.083333
0.083333
0.083333
0.083333
0.083333
0.083333
0.083333
0.083333
0.083333
0.083333
0.083333
0.083333
0.083333
0.083333
0.083333
0.083333
0.083333
0.083333
0.083333
0.083333
0.083333
0.083333
0.083333
0.083333
0.083333
0.083333
0.083333
0.083333
0.083333
0.083333
0.083333
0.083333
0.083333
0.083333
0.083333
0.083333
0.083333
0.083333
0.083333
0.083333
0.083333
0.083333
0.083333
0.083333
0.083333
0.083333
0.083333
0.083333
0.083333
0.083333
0.083333
0.083333
0.083333
0.083333
0.083333
0.083333
0.083333
0.083333
0.083333
0.083333
0.083333
0.083333
0.083333
0.083333
0.083333
0.083333
0.083333
0.083333
0.083333
0.083333
0.083333
0.083333
0.083333
0.083333
0.083333
0.083333
0.083333
0.083333
0.083333
0.083333
0.083333
0.083333
0.083333
0.083333
0.083333
0.083333
0.083333
0.083333
0.083333
0.083333
0.083333
0.083333
0.083333
0.083333
0.083333
0.083333
0.083333
0.083333
0.083333
0.083333
0.083333
0.083333
0.083333
0.083333
0.083333
0.083333
0.083333
0.083333
0.083333
0.083333
0.083333
0.083333
0.083333
0.083333
0.083333
0.083333
0.083333
0.083333
0.083333
0.083333
0.083333
0.083333
0.083333
0.083333
0.083333
0.083333
0.083333
0.083333
0.083333
0.083333
0.083333
0.083333
0.083333
0.083333
0.083333
0.083333
0.083333
0.083333
0.083333
0.083333
0.083333
0.083333
0.083333
0.083333
0.083333
0.083333
0.083333
0.083333
0.083333
0.083333
0.083333
0.083333
0.083333
0.083333
0.083333
0.083333
0.083333
0.083333
0.083333
0.083333
0.083333
0.083333
0.083333
0.083333
0.083333
0.083333
0.083333
0.083333
0.083333
0.083333
0.083333
0.083333
0.083333
0.083333
0.083333
0.083333
0.083333
0.083333
0.083333
0.083333
0.083333
0.083333
0.083333
0.083333
0.083333
0.083333
0.083333
0.083333
0.083333
0.083333
0.083333
0.083333
0.083333
0.083333
0.083333
0.083333
0.083333
0.083333
0.083333
0.083333
0.083333
0.083333
0.083333
0.083333
0.083333
0.083333
0.083333
0.083333
0.083333
0.083333
0.083333
0.083333
0.083333
0.083333
0.083333
0.083333
0.083333
0.083333
0.083333
0.083333
0.083333
0.083333
0.083333
0.083333
0.083333
0.083333
0.083333
0.083333
0.083333
0.083333
0.083333
0.083333
0.083333
0.083333
0.083333
0.083333
0.083333
0.083333
0.083333
0.083333
0.083333
0.083333
0.083333
0.083333
0.083333
0.083333
0.083333
0.083333
0.083333
0.083333
0.083333
0.083333
0.083333
0.083333
0.083333
0.083333
0.083333
0.083333
0.083333
0.083333
0.083333
0.083333
0.083333
0.083333
0.083333
0.083333
0.083333
0.083333
0.083333
0.083333
0.083333
0.083333
0.083333
0.083333
0.083333
0.083333
0.083333
0.083333
0.083333
0.083333
0.083333
0.083333
0.083333
0.083333
0.083333
0.083333
0.083333
0.083333
0.083333
0.083333
0.083333
0.083333
0.083333
0.083333
0.083333
0.083333
0.083333
0.083333
0.083333
0.083333
0.083333
0.083333
0.083333
0.083333
0.083333
0.083333
0.083333
0.083333
0.083333
0.083333
0.083333
0.083333
0.083333
0.083333
0.083333
0.083333
0.083333
0.083333
0.083333
0.083333
0.083333
0.083333
0.083333
0.083333
0.083333
0.083333
0.083333
0.083333
0.083333
0.083333
0.083333
0.083333
0.083333
0.083333
0.083333
0.083333
0.083333
0.083333
0.083333
0.083333
0.083333
0.083333
0.083333
0.083333
0.083333
0.083333
0.083333
0.083333
0.083333
0.083333
0.083333
0.083333
0.083333
0.083333
0.083333
0.083333
0.083333
0.083333
0.083333
0.083333
0.083333
0.083333
0.083333
0.083333
0.083333
0.083333
0.083333
0.083333
0.083333
0.083333
0.083333
0.083333
0.083333
0.083333
0.083333
0.083333
0.083333
0.083333
0.083333
0.083333
0.083333
0.083333
0.083333
0.083333
0.083333
0.083333
0.083333
0.083333
0.083333
0.083333
0.083333
0.083333
0.083333
0.083333
0.083333
0.083333
0.083333
0.083333
0.083333
0.083333
0.083333
0.083333
0.083333
0.083333
0.083333
0.083333
0.083333
0.083333
0.083333
0.083333
0.083333
0.083333
0.083333
0.083333
0.083333
0.083333
0.083333
0.083333
0.083333
0.083333
0.083333
0.083333
0.083333
0.083333
0.083333
0.083333
0.083333
0.083333
0.083333
0.083333
0.083333
0.083333
0.083333
0.083333
0.083333
0.083333
0.083333
0.083333
0.083333
0.083333
0.083333
0.083333
0.083333
0.083333
0.083333
0.083333
0.083333
0.083333
0.083333
0.083333
0.083333
0.083333
0.083333
0.083333
0.083333
0.083333
0.083333
0.083333
0.083333
0.083333
0.083333
0.083333
0.083333
0.083333
0.083333
0.083333
0.083333
0.083333
0.083333
0.083333
0.083333
0.083333
0.083333
0.083333
0.083333
0.083333
0.083333
0.083333
0.083333
0.083333
0.083333
0.083333
0.083333
0.083333
0.083333
0.083333
0.083333
0.083333
0.083333
0.083333
0.083333
0.083333
0.083333
0.083333
0.083333
0.083333
0.083333
0.083333
0.083333
0.083333
0.083333
0.083333
0.083333
0.083333
0.083333
0.083333
0.083333
0.083333
0.083333
0.083333
0.083333
0.083333
0.083333
0.083333
0.083333
0.083333
0.083333
0.083333
0.083333
0.083333
0.083333
0.083333
0.083333
0.083333
0.083333
0.083333
0.083333
0.083333
0.083333
0.083333
0.083333
0.083333
0.083333
0.083333
0.083333
0.083333
0.083333
0.083333
0.083333
0.083333
0.083333
0.083333
0.083333
0.083333
0.083333
0.083333
0.083333
0.083333
0.083333
0.083333
0.083333
0.083333
0.083333
0.083333
0.083333
0.083333
0.083333
0.083333
0.083333
0.083333
0.083333
0.083333
0.083333
0.083333
0.083333
0.083333
0.083333
0.083333
0.083333
0.083333
0.083333
0.083333
0.083333
0.083333
0.083333
0.083333
0.083333
0.083333
0.083333
0.083333
0.083333
0.083333
0.083333
0.083333
0.083333
0.083333
0.083333
0.083333
0.083333
0.083333
0.083333
0.083333
0.083333
0.083333
0.083333
0.083333
0.083333
0.083333
0.083333
0.083333
0.083333
0.083333
0.083333
0.083333
0.083333
0.083333
0.083333
0.083333
0.083333
0.083333
0.083333
0.083333
0.083333
0.083333
0.083333
0.083333
0.083333
0.083333
0.083333
0.083333
0.083333
0.083333
0.083333
0.083333
0.083333
0.083333
0.083333
0.083333
0.083333
0.083333
0.083333
0.083333
0.083333
0.083333
0.083333
0.083333
0.083333
0.083333
0.083333
0.083333
0.083333
0.083333
0.083333
0.083333
0.083333
0.083333
0.083333
0.083333
0.083333
0.083333
0.083333
0.083333
0.083333
0.083333
0.083333
0.083333
0.083333
0.083333
0.083333
0.083333
0.083333
0.083333
0.083333
0.083333
0.083333
0.083333
0.083333
0.083333
0.083333
0.083333
0.083333
0.083333
0.083333
0.083333
0.083333
0.083333
0.083333
0.083333
0.083333
0.083333
0.083333
0.083333
0.083333
0.083333
0.083333
0.083333
0.083333
0.083333
0.083333
0.083333
0.083333
0.083333
0.083333
0.083333
0.083333
0.083333
0.083333
0.083333
0.083333
0.083333
0.083333
0.083333
0.083333
0.083333
0.083333
0.083333
0.083333
0.083333
0.083333
0.083333
0.083333
0.083333
0.083333
0.083333
0.083333
0.083333
0.083333
0.083333
0.083333
0.083333
0.083333
0.083333
0.083333
0.083333
0.083333
0.083333
0.083333
0.083333
0.083333
0.083333
0.083333
0.083333
0.083333
0.083333
0.083333
0.083333
0.083333
0.083333
0.083333
0.083333
0.083333
0.083333
0.083333
0.083333
0.083333
0.083333
0.083333
0.083333
0.083333
0.083333
0.083333
0.083333
0.083333
0.083333
0.083333
0.083333
0.083333
0.083333
0.083333
0.083333
0.083333
0.083333
0.083333
0.083333
0.083333
0.083333
0.083333
0.083333
0.083333
0.083333
0.083333
0.083333
0.083333
0.083333
0.083333
0.083333
0.083333
0.083333
0.083333
0.083333
0.083333
0.083333
0.083333
0.083333
0.083333
0.083333
0.083333
0.083333
0.083333
0.083333
0.083333
0.083333
0.083333
0.083333
0.083333
0.083333
0.083333
0.083333
0.083333
0.083333
0.083333
0.083333
0.083333
0.083333
0.083333
0.083333
0.083333
0.083333
0.083333
0.083333
0.083333
0.083333
0.083333
0.083333
0.083333
0.083333
0.083333
0.083333
0.083333
0.083333
0.083333
0.083333
0.083333
0.083333
0.083333
0.083333
0.083333
0.083333
0.083333
0.083333
0.083333
0.083333
0.083333
0.083333
0.083333
0.083333
0.083333
0.083333
0.083333
0.083333
0.083333
0.083333
0.083333
0.083333
0.083333
0.083333
0.083333
0.083333
0.083333
0.083333
0.083333
0.083333
0.083333
0.083333
0.083333
0.083333
0.083333
0.083333
0.083333
0.083333
0.083333
0.083333
0.083333
0.083333
0.083333
0.083333
0.083333
0.083333
0.083333
0.083333
0.083333
0.083333
0.083333
0.083333
0.083333
0.083333
0.083333
0.083333
0.083333
0.083333
0.083333
0.083333
0.083333
0.083333
0.083333
0.083333
0.083333
0.083333
0.083333
0.083333
0.083333
0.083333
0.083333
0.083333
0.083333
0.083333
0.083333
0.083333
0.083333
0.083333
0.083333
0.083333
0.083333
0.083333
0.083333
0.083333
0.083333
0.083333
0.083333
0.083333
0.083333
0.083333
0.083333
0.083333
0.083333
0.083333
0.083333
0.083333
0.083333
0.083333
0.083333
0.083333
0.083333
0.083333
0.083333
0.083333
0.083333
0.083333
0.083333
0.083333
0.083333
0.083333
0.083333
0.083333
0.083333
0.083333
0.083333
0.083333
0.083333
0.083333
0.083333
0.083333
0.083333
0.083333
0.083333
0.083333
0.083333
0.083333
0.083333
0.083333
0.083333
0.083333
0.083333
0.083333
0.083333
0.083333
0.083333
0.083333
0.083333
0.083333
0.083333
0.083333
0.083333
0.083333
0.083333
0.083333
0.083333
0.083333
0.083333
0.083333
0.083333
0.083333
0.083333
0.083333
0.083333
0.083333
0.083333
0.083333
0.083333
0.083333
0.083333
0.083333
0.083333
0.083333
0.083333
0.083333
0.083333
0.083333
0.083333
0.083333
0.083333
0.083333
0.083333
0.083333
0.083333
0.083333
0.083333
0.083333
0.083333
0.083333
0.083333
0.083333
0.083333
0.083333
0.083333
0.083333
0.083333
0.083333
0.083333
0.083333
0.083333
0.083333
0.083333
0.083333
0.083333
0.083333
0.083333
0.083333
0.083333
0.083333
0.083333
0.083333
0.083333
0.083333
0.083333
0.083333
0.083333
0.083333
0.083333
0.083333
0.083333
0.083333
0.083333
0.083333
0.083333
0.083333
0.083333
0.083333
0.083333
0.083333
0.083333
0.083333
0.083333
0.083333
0.083333
0.083333
0.083333
0.083333
0.083333
0.083333
0.083333
0.083333
0.083333
0.083333
0.083333
0.083333
0.083333
0.083333
0.083333
0.083333
0.083333
0.083333
0.083333
0.083333
0.083333
0.083333
0.083333
0.083333
0.083333
0.083333
0.083333
0.083333
0.083333
0.083333
0.083333
0.083333
0.083333
0.083333
0.083333
0.083333
0.083333
0.083333
0.083333
0.083333
0.083333
0.083333
0.083333
0.083333
0.083333
0.083333
0.083333
0.083333
0.083333
0.083333
0.083333
0.083333
0.083333
0.083333
0.083333
0.083333
0.083333
0.083333
0.083333
0.083333
0.083333
0.083333
0.083333
0.083333
0.083333
0.083333
0.083333
0.083333
0.083333
0.083333
0.083333
0.083333
0.083333
0.083333
0.083333
0.083333
0.083333
0.083333
0.083333
0.083333
0.083333
0.083333
0.083333
0.083333
0.083333
0.083333
0.083333
0.083333
0.083333
0.083333
0.083333
0.083333
0.083333
0.083333
0.083333
0.083333
0.083333
0.083333
0.083333
0.083333
0.083333
0.083333
0.083333
0.083333
0.083333
0.083333
0.083333
0.083333
0.083333
0.083333
0.083333
0.083333
0.083333
0.083333
0.083333
0.083333
0.083333
0.083333
0.083333
0.083333
0.083333
0.083333
0.083333
0.083333
0.083333
0.083333
0.083333
0.083333
0.083333
0.083333
0.083333
0.083333
0.083333
0.083333
0.083333
0.083333
0.083333
0.083333
0.083333
0.083333
0.083333
0.083333
0.083333
0.083333
0.083333
0.083333
0.083333
0.083333
0.083333
0.083333
0.083333
0.083333
0.083333
0.083333
0.083333
0.083333
0.083333
0.083333
0.083333
0.083333
0.083333
0.083333
0.083333
0.083333
0.083333
0.083333
0.083333
0.083333
0.083333
0.083333
0.083333
0.083333
0.083333
0.083333
0.083333
0.083333
0.083333
0.083333
0.083333
0.083333
0.083333
0.083333
0.083333
0.083333
0.083333
0.083333
0.083333
0.083333
0.083333
0.083333
0.083333
0.083333
0.083333
0.083333
0.083333
0.083333
0.083333
0.083333
0.083333
0.083333
0.083333
0.083333
0.083333
0.083333
0.083333
0.083333
0.083333
0.083333
0.083333
0.083333
0.083333
0.083333
0.083333
0.083333
0.083333
0.083333
0.083333
0.083333
0.083333
0.083333
0.083333
0.083333
0.083333
0.083333
0.083333
0.083333
0.083333
0.083333
0.083333
0.083333
0.083333
0.083333
0.083333
0.083333
0.083333
0.083333
0.083333
0.083333
0.083333
0.083333
0.083333
0.083333
0.083333
0.083333
0.083333
0.083333
0.083333
0.083333
0.083333
0.083333
0.083333
0.083333
0.083333
0.083333
0.083333
0.083333
0.083333
0.083333
0.083333
0.083333
0.083333
0.083333
0.083333
0.083333
0.083333
0.083333
0.083333
0.083333
0.083333
0.083333
0.083333
0.083333
0.083333
0.083333
0.083333
0.083333
0.083333
0.083333
0.083333
0.083333
0.083333
0.083333
0.083333
0.083333
0.083333
0.083333
0.083333
0.083333
0.083333
0.083333
0.083333
0.083333
0.083333
0.083333
0.083333
0.083333
0.083333
0.083333
0.083333
0.083333
0.083333
0.083333
0.083333
0.083333
0.083333
0.083333
0.083333
0.083333
0.083333
0.083333
0.083333
0.083333
0.083333
0.083333
0.083333
0.083333
0.083333
0.083333
0.083333
0.083333
0.083333
0.083333
0.083333
0.083333
0.083333
0.083333
0.083333
0.083333
0.083333
0.083333
0.083333
0.083333
0.083333
0.083333
0.083333
0.083333
0.083333
0.083333
0.083333
0.083333
0.083333
0.083333
0.083333
0.083333
0.083333
0.083333
0.083333
0.083333
0.083333
0.083333
0.083333
0.083333
0.083333
0.083333
0.083333
0.083333
0.083333
0.083333
0.083333
0.083333
0.083333
0.083333
0.083333
0.083333
0.083333
0.083333
0.083333
0.083333
0.083333
0.083333
0.083333
0.083333
0.083333
0.083333
0.083333
0.083333
0.083333
0.083333
0.083333
0.083333
0.083333
0.083333
0.083333
0.083333
0.083333
0.083333
0.083333
0.083333
0.083333
0.083333
0.083333
0.083333
0.083333
0.083333
0.083333
0.083333
0.083333
0.083333
0.083333
0.083333
0.083333
0.083333
0.083333
0.083333
0.083333
0.083333
0.083333
0.083333
0.083333
0.083333
0.083333
0.083333
0.083333
0.083333
0.083333
0.083333
0.083333
0.083333
0.083333
0.083333
0.083333
0.083333
0.083333
0.083333
0.083333
0.083333
0.083333
0.083333
0.083333
0.083333
0.083333
0.083333
0.083333
0.083333
0.083333
0.083333
0.083333
0.083333
0.083333
0.083333
0.083333
0.083333
0.083333
0.083333
0.083333
0.083333
0.083333
0.083333
0.083333
0.083333
0.083333
0.083333
0.083333
0.083333
0.083333
0.083333
0.083333
0.083333
0.083333
0.083333
0.083333
0.083333
0.083333
0.083333
0.083333
0.083333
0.083333
0.083333
0.083333
0.083333
0.083333
0.083333
0.083333
0.083333
0.083333
0.083333
0.083333
0.083333
0.083333
0.083333
0.083333
0.083333
0.083333
0.083333
0.083333
0.083333
0.083333
0.083333
0.083333
0.083333
0.083333
0.083333
0.083333
0.083333
0.083333
0.083333
0.083333
0.083333
0.083333
0.083333
0.083333
0.083333
0.083333
0.083333
0.083333
0.083333
0.083333
0.083333
0.083333
0.083333
0.083333
0.083333
0.083333
0.083333
0.083333
0.083333
0.083333
0.083333
0.083333
0.083333
0.083333
0.083333
0.083333
0.083333
0.083333
0.083333
0.083333
0.083333
0.083333
0.083333
0.083333
0.083333
0.083333
0.083333
0.083333
0.083333
0.083333
0.083333
0.083333
0.083333
0.083333
0.083333
0.083333
0.083333
0.083333
0.083333
0.083333
0.083333
0.083333
0.083333
0.083333
0.083333
0.083333
0.083333
0.083333
0.083333
0.083333
0.083333
0.083333
0.083333
0.083333
0.083333
0.083333
0.083333
0.083333
0.083333
0.083333
0.083333
0.083333
0.083333
0.083333
0.083333
0.083333
0.083333
0.083333
0.083333
0.083333
0.083333
0.083333
0.083333
0.083333
0.083333
0.083333
0.083333
0.083333
0.083333
0.083333
0.083333
0.083333
0.083333
0.083333
0.083333
0.083333
0.083333
0.083333
0.083333
0.083333
0.083333
0.083333
0.083333
0.083333
0.083333
0.083333
0.083333
0.083333
0.083333
0.083333
0.083333
0.083333
0.083333
0.083333
0.083333
0.083333
0.083333
0.083333
0.083333
0.083333
0.083333
0.083333
0.083333
0.083333
0.083333
0.083333
0.083333
0.083333
0.083333
0.083333
0.083333
0.083333
0.083333
0.083333
0.083333
0.083333
0.083333
0.083333
0.083333
0.083333
0.083333
0.083333
0.083333
0.083333
0.083333
0.083333
0.083333
0.083333
0.083333
0.083333
0.083333
0.083333
0.083333
0.083333
0.083333
0.083333
0.083333
0.083333
0.083333
0.083333
0.083333
0.083333
0.083333
0.083333
0.083333
0.083333
0.083333
0.083333
0.083333
0.083333
0.083333
0.083333
0.083333
0.083333
0.083333
0.083333
0.083333
0.083333
0.083333
0.083333
0.083333
0.083333
0.083333
0.083333
0.083333
0.083333
0.083333
0.083333
0.083333
0.083333
0.083333
0.083333
0.083333
0.083333
0.083333
0.083333
0.083333
0.083333
0.083333
0.083333
0.083333
0.083333
0.083333
0.083333
0.083333
0.083333
0.083333
0.083333
0.083333
0.083333
0.083333
0.083333
0.083333
0.083333
0.083333
0.083333
0.083333
0.083333
0.083333
0.083333
0.083333
0.083333
0.083333
0.083333
0.083333
0.083333
0.083333
0.083333
0.083333
0.083333
0.083333
0.083333
0.083333
0.083333
0.083333
0.083333
0.083333
0.083333
0.083333
0.083333
0.083333
0.083333
0.083333
0.083333
0.083333
0.083333
0.083333
0.083333
0.083333
0.083333
0.083333
0.083333
0.083333
0.083333
0.083333
0.083333
0.083333
0.083333
0.083333
0.083333
0.083333
0.083333
0.083333
0.083333
0.083333
0.083333
0.083333
0.083333
0.083333
0.083333
0.083333
0.083333
0.083333
0.083333
0.083333
0.083333
0.083333
0.083333
0.083333
0.083333
0.083333
0.083333
0.083333
0.083333
0.083333
0.083333
0.083333
0.083333
0.083333
0.083333
0.083333
0.083333
0.083333
0.083333
0.083333
0.083333
0.083333
0.083333
0.083333
0.083333
0.083333
0.083333
0.083333
0.083333
0.083333
0.083333
0.083333
0.083333
0.083333
0.083333
0.083333
0.083333
0.083333
0.083333
0.083333
0.083333
0.083333
0.083333
0.083333
0.083333
0.083333
0.083333
0.083333
0.083333
0.083333
0.083333
0.083333
0.083333
0.083333
0.083333
0.083333
0.083333
0.083333
0.083333
0.083333
0.083333
0.083333
0.083333
0.083333
0.083333
0.083333
0.083333
0.083333
0.083333
0.083333
0.083333
0.083333
0.083333
0.083333
0.083333
0.083333
0.083333
0.083333
0.083333
0.083333
0.083333
0.083333
0.083333
0.083333
0.083333
0.083333
0.083333
0.083333
0.083333
0.083333
0.083333
0.083333
0.083333
0.083333
0.083333
0.083333
0.083333
0.083333
0.083333
0.083333
0.083333
0.083333
0.083333
0.083333
0.083333
0.083333
0.083333
0.083333
0.083333
0.083333
0.083333
0.083333
0.083333
0.083333
0.083333
0.083333
0.083333
0.083333
0.083333
0.083333
0.083333
0.083333
0.083333
0.083333
0.083333
0.083333
0.083333
0.083333
0.083333
0.083333
0.083333
0.083333
0.083333
0.083333
0.083333
0.083333
0.083333
0.083333
0.083333
0.083333
0.083333
0.083333
0.083333
0.083333
0.083333
0.083333
0.083333
0.083333
0.083333
0.083333
0.083333
0.083333
0.083333
0.083333
0.083333
0.083333
0.083333
0.083333
0.083333
0.083333
0.083333
0.083333
0.083333
0.083333
0.083333
0.083333
0.083333
0.083333
0.083333
0.083333
0.083333
0.083333
0.083333
0.083333
0.083333
0.083333
0.083333
0.083333
0.083333
0.083333
0.083333
0.083333
0.083333
0.083333
0.083333
0.083333
0.083333
0.083333
0.083333
0.083333
0.083333
0.083333
0.083333
0.083333
0.083333
0.083333
0.083333
0.083333
0.083333
0.083333
0.083333
0.083333
0.083333
0.083333
0.083333
0.083333
0.083333
0.083333
0.083333
0.083333
0.083333
0.083333
0.083333
0.083333
0.083333
0.083333
0.083333
0.083333
0.083333
0.083333
0.083333
0.083333
0.083333
0.083333
0.083333
0.083333
0.083333
0.083333
0.083333
0.083333
0.083333
0.083333
0.083333
0.083333
0.083333
0.083333
0.083333
0.083333
0.083333
0.083333
0.083333
0.083333
0.083333
0.083333
0.083333
0.083333
0.083333
0.083333
0.083333
0.083333
0.083333
0.083333
0.083333
0.083333
0.083333
0.083333
0.083333
0.083333
0.083333
0.083333
0.083333
0.083333
0.083333
0.083333
0.083333
0.083333
0.083333
0.083333
0.083333
0.083333
0.083333
0.083333
0.083333
0.083333
0.083333
0.083333
0.083333
0.083333
0.083333
0.083333
0.083333
0.083333
0.083333
0.083333
0.083333
0.083333
0.083333
0.083333
0.083333
0.083333
0.083333
0.083333
0.083333
0.083333
0.083333
0.083333
0.083333
0.083333
0.083333
0.083333
0.083333
0.083333
0.083333
0.083333
0.083333
0.083333
0.083333
0.083333
0.083333
0.083333
0.083333
0.083333
0.083333
0.083333
0.083333
0.083333
0.083333
0.083333
0.083333
0.083333
0.083333
0.083333
0.083333
0.083333
0.083333
0.083333
0.083333
0.083333
0.083333
0.083333
0.083333
0.083333
0.083333
0.083333
0.083333
0.083333
0.083333
0.083333
0.083333
0.083333
0.083333
0.083333
0.083333
0.083333
0.083333
0.083333
0.083333
0.083333
0.083333
0.083333
0.083333
0.083333
0.083333
0.083333
0.083333
0.083333
0.083333
0.083333
0.083333
0.083333
0.083333
0.083333
0.083333
0.083333
0.083333
0.083333
0.083333
0.083333
0.083333
0.083333
0.083333
0.083333
0.083333
0.083333
0.083333
0.083333
0.083333
0.083333
0.083333
0.083333
0.083333
0.083333
0.083333
0.083333
0.083333
0.083333
0.083333
0.083333
0.083333
0.083333
0.083333
0.083333
0.083333
0.083333
0.083333
0.083333
0.083333
0.083333
0.083333
0.083333
0.083333
0.083333
0.083333
0.083333
0.083333
0.083333
0.083333
0.083333
0.083333
0.083333
0.083333
0.083333
0.083333
0.083333
0.083333
0.083333
0.083333
0.083333
0.083333
0.083333
0.083333
0.083333
0.083333
0.083333
0.083333
0.083333
0.083333
0.083333
0.083333
0.083333
0.083333
0.083333
0.083333
0.083333
0.083333
0.083333
0.083333
0.083333
0.083333
0.083333
0.083333
0.083333
0.083333
0.083333
0.083333
0.083333
0.083333
0.083333
0.083333
0.083333
0.083333
0.083333
0.083333
0.083333
0.083333
0.083333
0.083333
0.083333
0.083333
0.083333
0.083333
0.083333
0.083333
0.083333
0.083333
0.083333
0.083333
0.083333
0.083333
0.083333
0.083333
0.083333
0.083333
0.083333
0.083333
0.083333
0.083333
0.083333
0.083333
0.083333
0.083333
0.083333
0.083333
0.083333
0.083333
0.083333
0.083333
0.083333
0.083333
0.083333
0.083333
0.083333
0.083333
0.083333
0.083333
0.083333
0.083333
0.083333
0.083333
0.083333
0.083333
0.083333
0.083333
0.083333
0.083333
0.083333
0.083333
0.083333
0.083333
0.083333
0.083333
0.083333
0.083333
0.083333
0.083333
0.083333
0.083333
0.083333
0.083333
0.083333
0.083333
0.083333
0.083333
0.083333
0.083333
0.083333
0.083333
0.083333
0.083333
0.083333
0.083333
0.083333
0.083333
0.083333
0.083333
0.083333
0.083333
0.083333
0.083333
0.083333
0.083333
0.083333
0.083333
0.083333
0.083333
0.083333
0.083333
0.083333
0.083333
0.083333
0.083333
0.083333
0.083333
0.083333
0.083333
0.083333
0.083333
0.083333
0.083333
0.083333
0.083333
0.083333
0.083333
0.083333
0.083333
0.083333
0.083333
0.083333
0.083333
0.083333
0.083333
0.083333
0.083333
0.083333
0.083333
0.083333
0.083333
0.083333
0.083333
0.083333
0.083333
0.083333
0.083333
0.083333
0.083333
0.083333
0.083333
0.083333
0.083333
0.083333
0.083333
0.083333
0.083333
0.083333
0.083333
0.083333
0.083333
0.083333
0.083333
0.083333
0.083333
0.083333
0.083333
0.083333
0.083333
0.083333
0.083333
0.083333
0.083333
0.083333
0.083333
0.083333
0.083333
0.083333
0.083333
0.083333
0.083333
0.083333
0.083333
0.083333
0.083333
0.083333
0.083333
0.083333
0.083333
0.083333
0.083333
0.083333
0.083333
0.083333
0.083333
0.083333
0.083333
0.083333
0.083333
0.083333
0.083333
0.083333
0.083333
0.083333
0.083333
0.083333
0.083333
0.083333
0.083333
0.083333
0.083333
0.083333
0.083333
0.083333
0.083333
0.083333
0.083333
0.083333
0.083333
0.083333
0.083333
0.083333
0.083333
0.083333
0.083333
0.083333
0.083333
0.083333
0.083333
0.083333
0.083333
0.083333
0.083333
0.083333
0.083333
0.083333
0.083333
0.083333
0.083333
0.083333
0.083333
0.083333
0.083333
0.083333
0.083333
0.083333
0.083333
0.083333
0.083333
0.083333
0.083333
0.083333
0.083333
0.083333
0.083333
0.083333
0.083333
0.083333
0.083333
0.083333
0.083333
0.083333
0.083333
0.083333
0.083333
0.083333
0.083333
0.083333
0.083333
0.083333
0.083333
0.083333
0.083333
0.083333
0.083333
0.083333
0.083333
0.083333
0.083333
0.083333
0.083333
0.083333
0.083333
0.083333
0.083333
0.083333
0.083333
0.083333
0.083333
0.083333
0.083333
0.083333
0.083333
0.083333
0.083333
0.083333
0.083333
0.083333
0.083333
0.083333
0.083333
0.083333
0.083333
0.083333
0.083333
0.083333
0.083333
0.083333
0.083333
0.083333
0.083333
0.083333
0.083333
0.083333
0.083333
0.083333
0.083333
0.083333
0.083333
0.083333
0.083333
0.083333
0.083333
0.083333
0.083333
0.083333
0.083333
0.083333
0.083333
0.083333
0.083333
0.083333
0.083333
0.083333
0.083333
0.083333
0.083333
0.083333
0.083333
0.083333
0.083333
0.083333
0.083333
0.083333
0.083333
0.083333
0.083333
0.083333
0.083333
0.083333
0.083333
0.083333
0.083333
0.083333
0.083333
0.083333
0.083333
0.083333
0.083333
0.083333
0.083333
0.083333
0.083333
0.083333
0.083333
0.083333
0.083333
0.083333
0.083333
0.083333
0.083333
0.083333
0.083333
0.083333
0.083333
0.083333
0.083333
0.083333
0.083333
0.083333
0.083333
0.083333
0.083333
0.083333
0.083333
0.083333
0.083333
0.083333
0.083333
0.083333
0.083333
0.083333
0.083333
0.083333
0.083333
0.083333
0.083333
0.083333
0.083333
0.083333
0.083333
0.083333
0.083333
0.083333
0.083333
0.083333
0.083333
0.083333
0.083333
0.083333
0.083333
0.083333
0.083333
0.083333
0.083333
0.083333
0.083333
0.083333
0.083333
0.083333
0.083333
0.083333
0.083333
0.083333
0.083333
0.083333
0.083333
0.083333
0.083333
0.083333
0.083333
0.083333
0.083333
0.083333
0.083333
0.083333
0.083333
0.083333
0.083333
0.083333
0.083333
0.083333
0.083333
0.083333
0.083333
0.083333
0.083333
0.083333
0.083333
0.083333
0.083333
0.083333
0.083333
0.083333
0.083333
0.083333
0.083333
0.083333
0.083333
0.083333
0.083333
0.083333
0.083333
0.083333
0.083333
0.083333
0.083333
0.083333
0.083333
0.083333
0.083333
0.083333
0.083333
0.083333
0.083333
0.083333
0.083333
0.083333
0.083333
0.083333
0.083333
0.083333
0.083333
0.083333
0.083333
0.083333
0.083333
0.083333
0.083333
0.083333
0.083333
0.083333
0.083333
0.083333
0.083333
0.083333
0.083333
0.083333
0.083333
0.083333
0.083333
0.083333
0.083333
0.083333
0.083333
0.083333
0.083333
0.083333
0.083333
0.083333
0.083333
0.083333
0.083333
0.083333
0.083333
0.083333
0.083333
0.083333
0.083333
0.083333
0.083333
0.083333
0.083333
0.083333
0.083333
0.083333
0.083333
0.083333
0.083333
0.083333
0.083333
0.083333
0.083333
0.083333
0.083333
0.083333
0.083333
0.083333
0.083333
0.083333
0.083333
0.083333
0.083333
0.083333
0.083333
0.083333
0.083333
0.083333
0.083333
0.083333
0.083333
0.083333
0.083333
0.083333
0.083333
0.083333
0.083333
0.083333
0.083333
0.083333
0.083333
0.083333
0.083333
0.083333
0.083333
0.083333
0.083333
0.083333
0.083333
0.083333
0.083333
0.083333
0.083333
0.083333
0.083333
0.083333
0.083333
0.083333
0.083333
0.083333
0.083333
0.083333
0.083333
0.083333
0.083333
0.083333
0.083333
0.083333
0.083333
0.083333
0.083333
0.083333
0.083333
0.083333
0.083333
0.083333
0.083333
0.083333
0.083333
0.083333
0.083333
0.083333
0.083333
0.083333
0.083333
0.083333
0.083333
0.083333
0.083333
0.083333
0.083333
0.083333
0.083333
0.083333
0.083333
0.083333
0.083333
0.083333
0.083333
0.083333
0.083333
0.083333
0.083333
0.083333
0.083333
0.083333
0.083333
0.083333
0.083333
0.083333
0.083333
0.083333
0.083333
0.083333
0.083333
0.083333
0.083333
0.083333
0.083333
0.083333
0.083333
0.083333
0.083333
0.083333
0.083333
0.083333
0.083333
0.083333
0.083333
0.083333
0.083333
0.083333
0.083333
0.083333
0.083333
0.083333
0.083333
0.083333
0.083333
0.083333
0.083333
0.083333
0.083333
0.083333
0.083333
0.083333
0.083333
0.083333
0.083333
0.083333
0.083333
0.083333
0.083333
0.083333
0.083333
0.083333
0.083333
0.083333
0.083333
0.083333
0.083333
0.083333
0.083333
0.083333
0.083333
0.083333
0.083333
0.083333
0.083333
0.083333
0.083333
0.083333
0.083333
0.083333
0.083333
0.083333
0.083333
0.083333
0.083333
0.083333
0.083333
0.083333
0.083333
0.083333
0.083333
0.083333
0.083333
0.083333
0.083333
0.083333
0.083333
0.083333
0.083333
0.083333
0.083333
0.083333
0.083333
0.083333
0.083333
0.083333
0.083333
0.083333
0.083333
0.083333
0.083333
0.083333
0.083333
0.083333
0.083333
0.083333
0.083333
0.083333
0.083333
0.083333
0.083333
0.083333
0.083333
0.083333
0.083333
0.083333
0.083333
0.083333
0.083333
0.083333
0.083333
0.083333
0.083333
0.083333
0.083333
0.083333
0.083333
0.083333
0.083333
0.083333
0.083333
0.083333
0.083333
0.083333
0.083333
0.083333
0.083333
0.083333
0.083333
0.083333
0.083333
0.083333
0.083333
0.083333
0.083333
0.083333
0.083333
0.083333
0.083333
0.083333
0.083333
0.083333
0.083333
0.083333
0.083333
0.083333
0.083333
0.083333
0.083333
0.083333
0.083333
0.083333
0.083333
0.083333
0.083333
0.083333
0.083333
0.083333
0.083333
0.083333
0.083333
0.083333
0.083333
0.083333
0.083333
0.083333
0.083333
0.083333
0.083333
0.083333
0.083333
0.083333
0.083333
0.083333
0.083333
0.083333
0.083333
0.083333
0.083333
0.083333
0.083333
0.083333
0.083333
0.083333
0.083333
0.083333
0.083333
0.083333
0.083333
0.083333
0.083333
0.083333
0.083333
0.083333
0.083333
0.083333
0.083333
0.083333
0.083333
0.083333
0.083333
0.083333
0.083333
0.083333
0.083333
0.083333
0.083333
0.083333
0.083333
0.083333
0.083333
0.083333
0.083333
0.083333
0.083333
0.083333
0.083333
0.083333
0.083333
0.083333
0.083333
0.083333
0.083333
0.083333
0.083333
0.083333
0.083333
0.083333
0.083333
0.083333
0.083333
0.083333
0.083333
0.083333
0.083333
0.083333
0.083333
0.083333
0.083333
0.083333
0.083333
0.083333
0.083333
0.083333
0.083333
0.083333
0.083333
0.083333
0.083333
0.083333
0.083333
0.083333
0.083333
0.083333
0.083333
0.083333
0.083333
0.083333
0.083333
0.083333
0.083333
0.083333
0.083333
0.083333
0.083333
0.083333
0.083333
0.083333
0.083333
0.083333
0.083333
0.083333
0.083333
0.083333
0.083333
0.083333
0.083333
0.083333
0.083333
0.083333
0.083333
0.083333
0.083333
0.083333
0.083333
0.083333
0.083333
0.083333
0.083333
0.083333
0.083333
0.083333
0.083333
0.083333
0.083333
0.083333
0.083333
0.083333
0.083333
0.083333
0.083333
0.083333
0.083333
0.083333
0.083333
0.083333
0.083333
0.083333
0.083333
0.083333
0.083333
0.083333
0.083333
0.083333
0.083333
0.083333
0.083333
0.083333
0.083333
0.083333
0.083333
0.083333
0.083333
0.083333
0.083333
0.083333
0.083333
0.083333
0.083333
0.083333
0.083333
0.083333
0.083333
0.083333
0.083333
0.083333
0.083333
0.083333
0.083333
0.083333
0.083333
0.083333
0.083333
0.083333
0.083333
0.083333
0.083333
0.083333
0.083333
0.083333
0.083333
0.083333
0.083333
0.083333
0.083333
0.083333
0.083333
0.083333
0.083333
0.083333
0.083333
0.083333
0.083333
0.083333
0.083333
0.083333
0.083333
0.083333
0.083333
0.083333
0.083333
0.083333
0.083333
0.083333
0.083333
0.083333
0.083333
0.083333
0.083333
0.083333
0.083333
0.083333
0.083333
0.083333
0.083333
0.083333
0.083333
0.083333
0.083333
0.083333
0.083333
0.083333
0.083333
0.083333
0.083333
0.083333
0.083333
0.083333
0.083333
0.083333
0.083333
0.083333
0.083333
0.083333
0.083333
0.083333
0.083333
0.083333
0.083333
0.083333
0.083333
0.083333
0.083333
0.083333
0.083333
0.083333
0.083333
0.083333
0.083333
0.083333
0.083333
0.083333
0.083333
0.083333
0.083333
0.083333
0.083333
0.083333
0.083333
0.083333
0.083333
0.083333
0.083333
0.083333
0.083333
0.083333
0.083333
0.083333
0.083333
0.083333
0.083333
0.083333
0.083333
0.083333
0.083333
0.083333
0.083333
0.083333
0.083333
0.083333
0.083333
0.083333
0.083333
0.083333
0.083333
0.083333
0.083333
0.083333
0.083333
0.083333
0.083333
0.083333
0.083333
0.083333
0.083333
0.083333
0.083333
0.083333
0.083333
0.083333
0.083333
0.083333
0.083333
0.083333
0.083333
0.083333
0.083333
0.083333
0.083333
0.083333
0.083333
0.083333
0.083333
0.083333
0.083333
0.083333
0.083333
0.083333
0.083333
0.083333
0.083333
0.083333
0.083333
0.083333
0.083333
0.083333
0.083333
0.083333
0.083333
0.083333
0.083333
0.083333
0.083333
0.083333
0.083333
0.083333
0.083333
0.083333
0.083333
0.083333
0.083333
0.083333
0.083333
0.083333
0.083333
0.083333
0.083333
0.083333
0.083333
0.083333
0.083333
0.083333
0.083333
0.083333
0.083333
0.083333
0.083333
0.083333
0.083333
0.083333
0.083333
0.083333
0.083333
0.083333
0.083333
0.083333
0.083333
0.083333
0.083333
0.083333
0.083333
0.083333
0.083333
0.083333
0.083333
0.083333
0.083333
0.083333
0.083333
0.083333
0.083333
0.083333
0.083333
0.083333
0.083333
0.083333
0.083333
0.083333
0.083333
0.083333
0.083333
0.083333
0.083333
0.083333
0.083333
0.083333
0.083333
0.083333
0.083333
0.083333
0.083333
0.083333
0.083333
0.083333
0.083333
0.083333
0.083333
0.083333
0.083333
0.083333
0.083333
0.083333
0.083333
0.083333
0.083333
0.083333
0.083333
0.083333
0.083333
0.083333
0.083333
0.083333
0.083333
0.083333
0.083333
0.083333
0.083333
0.083333
0.083333
0.083333
0.083333
0.083333
0.083333
0.083333
0.083333
0.083333
0.083333
0.083333
0.083333
0.083333
0.083333
0.083333
0.083333
0.083333
0.083333
0.083333
0.083333
0.083333
0.083333
0.083333
0.083333
0.083333
0.083333
0.083333
0.083333
0.083333
0.083333
0.083333
0.083333
0.083333
0.083333
0.083333
0.083333
0.083333
0.083333
0.083333
0.083333
0.083333
0.083333
0.083333
0.083333
0.083333
0.083333
0.083333
0.083333
0.083333
0.083333
0.083333
0.083333
0.083333
0.083333
0.083333
0.083333
0.083333
0.083333
0.083333
0.083333
0.083333
0.083333
0.083333
0.083333
0.083333
0.083333
0.083333
0.083333
0.083333
0.083333
0.083333
0.083333
0.083333
0.083333
0.083333
0.083333
0.083333
0.083333
0.083333
0.083333
0.083333
0.083333
0.083333
0.083333
0.083333
0.083333
0.083333
0.083333
0.083333
0.083333
0.083333
0.083333
0.083333
0.083333
0.083333
0.083333
0.083333
0.083333
0.083333
0.083333
0.083333
0.083333
0.083333
0.083333
0.083333
0.083333
0.083333
0.083333
0.083333
0.083333
0.083333
0.083333
0.083333
0.083333
0.083333
0.083333
0.083333
0.083333
0.083333
0.083333
0.083333
0.083333
0.083333
0.083333
0.083333
0.083333
0.083333
0.083333
0.083333
0.083333
0.083333
0.083333
0.083333
0.083333
0.083333
0.083333
0.083333
0.083333
0.083333
0.083333
0.083333
0.083333
0.083333
0.083333
0.083333
0.083333
0.083333
0.083333
0.083333
0.083333
0.083333
0.083333
0.083333
0.083333
0.083333
0.083333
0.083333
0.083333
0.083333
0.083333
0.083333
0.083333
0.083333
0.083333
0.083333
0.083333
0.083333
0.083333
0.083333
0.083333
0.083333
0.083333
0.083333
0.083333
0.083333
0.083333
0.083333
0.083333
0.083333
0.083333
0.083333
0.083333
0.083333
0.083333
0.083333
0.083333
0.083333
0.083333
0.083333
0.083333
0.083333
0.083333
0.083333
0.083333
0.083333
0.083333
0.083333
0.083333
0.083333
0.083333
0.083333
0.083333
0.083333
0.083333
0.083333
0.083333
0.083333
0.083333
0.083333
0.083333
0.083333
0.083333
0.083333
0.083333
0.083333
0.083333
0.083333
0.083333
0.083333
0.083333
0.083333
0.083333
0.083333
0.083333
0.083333
0.083333
0.083333
0.083333
0.083333
0.083333
0.083333
0.083333
0.083333
0.083333
0.083333
0.083333
0.083333
0.083333
0.083333
0.083333
0.083333
0.083333
0.083333
0.083333
0.083333
0.083333
0.083333
0.083333
0.083333
0.083333
0.083333
0.083333
0.083333
0.083333
0.083333
0.083333
0.083333
0.083333
0.083333
0.083333
0.083333
0.083333
0.083333
0.083333
0.083333
0.083333
0.083333
0.083333
0.083333
0.083333
0.083333
0.083333
0.083333
0.083333
0.083333
0.083333
0.083333
0.083333
0.083333
0.083333
0.083333
0.083333
0.083333
0.083333
0.083333
0.083333
0.083333
0.083333
0.083333
0.083333
0.083333
0.083333
0.083333
0.083333
0.083333
0.083333
0.083333
0.083333
0.083333
0.083333
0.083333
0.083333
0.083333
0.083333
0.083333
0.083333
0.083333
0.083333
0.083333
0.083333
0.083333
0.083333
0.083333
0.083333
0.083333
0.083333
0.083333
0.083333
0.083333
0.083333
0.083333
0.083333
0.083333
0.083333
0.083333
0.083333
0.083333
0.083333
0.083333
0.083333
0.083333
0.083333
0.083333
0.083333
0.083333
0.083333
0.083333
0.083333
0.083333
0.083333
0.083333
0.083333
0.083333
0.083333
0.083333
0.083333
0.083333
0.083333
0.083333
0.083333
0.083333
0.083333
0.083333
0.083333
0.083333
0.083333
0.083333
0.083333
0.083333
0.083333
0.083333
0.083333
0.083333
0.083333
0.083333
0.083333
0.083333
0.083333
0.083333
0.083333
0.083333
0.083333
0.083333
0.083333
0.083333
0.083333
0.083333
0.083333
0.083333
0.083333
0.083333
0.083333
0.083333
0.083333
0.083333
0.083333
0.083333
0.083333
0.083333
0.083333
0.083333
0.083333
0.083333
0.083333
0.083333
0.083333
0.083333
0.083333
0.083333
0.083333
0.083333
0.083333
0.083333
0.083333
0.083333
0.083333
0.083333
0.083333
0.083333
0.083333
0.083333
0.083333
0.083333
0.083333
0.083333
0.083333
0.083333
0.083333
0.083333
0.083333
0.083333
0.083333
0.083333
0.083333
0.083333
0.083333
0.083333
0.083333
0.083333
0.083333
0.083333
0.083333
0.083333
0.083333
0.083333
0.083333
0.083333
0.083333
0.083333
0.083333
0.083333
0.083333
0.083333
0.083333
0.083333
0.083333
0.083333
0.083333
0.083333
0.083333
0.083333
0.083333
0.083333
0.083333
0.083333
0.083333
0.083333
0.083333
0.083333
0.083333
0.083333
0.083333
0.083333
0.083333
0.083333
0.083333
0.083333
0.083333
0.083333
0.083333
0.083333
0.083333
0.083333
0.083333
0.083333
0.083333
0.083333
0.083333
0.083333
0.083333
0.083333
0.083333
0.083333
0.083333
0.083333
0.083333
0.083333
0.083333
0.083333
0.083333
0.083333
0.083333
0.083333
0.083333
0.083333
0.083333
0.083333
0.083333
0.083333
0.083333
0.083333
0.083333
0.083333
0.083333
0.083333
0.083333
0.083333
0.083333
0.083333
0.083333
0.083333
0.083333
0.083333
0.083333
0.083333
0.083333
0.083333
0.083333
0.083333
0.083333
0.083333
0.083333
0.083333
0.083333
0.083333
0.083333
0.083333
0.083333
0.083333
0.083333
0.083333
0.083333
0.083333
0.083333
0.083333
0.083333
0.083333
0.083333
0.083333
0.083333
0.083333
0.083333
0.083333
0.083333
0.083333
0.083333
0.083333
0.083333
0.083333
0.083333
0.083333
0.083333
0.083333
0.083333
0.083333
0.083333
0.083333
0.083333
0.083333
0.083333
0.083333
0.083333
0.083333
0.083333
0.083333
0.083333
0.083333
0.083333
0.083333
0.083333
0.083333
0.083333
0.083333
0.083333
0.083333
0.083333
0.083333
0.083333
0.083333
0.083333
0.083333
0.083333
0.083333
0.083333
0.083333
0.083333
0.083333
0.083333
0.083333
0.083333
0.083333
0.083333
0.083333
0.083333
0.083333
0.083333
0.083333
0.083333
0.083333
0.083333
0.083333
0.083333
0.083333
0.083333
0.083333
0.083333
0.083333
0.083333
0.083333
0.083333
0.083333
0.083333
0.083333
0.083333
0.083333
0.083333
0.083333
0.083333
0.083333
0.083333
0.083333
0.083333
0.083333
0.083333
0.083333
0.083333
0.083333
0.083333
0.083333
0.083333
0.083333
0.083333
0.083333
0.083333
0.083333
0.083333
0.083333
0.083333
0.083333
0.083333
0.083333
0.083333
0.083333
0.083333
0.083333
0.083333
0.083333
0.083333
0.083333
0.083333
0.083333
0.083333
0.083333
0.083333
0.083333
0.083333
0.083333
0.083333
0.083333
0.083333
0.083333
0.083333
0.083333
0.083333
0.083333
0.083333
0.083333
0.083333
0.083333
0.083333
0.083333
0.083333
0.083333
0.083333
0.083333
0.083333
0.083333
0.083333
0.083333
0.083333
0.083333
0.083333
0.083333
0.083333
0.083333
0.083333
0.083333
0.083333
0.083333
0.083333
0.083333
0.083333
0.083333
0.083333
0.083333
0.083333
0.083333
0.083333
0.083333
0.083333
0.083333
0.083333
0.083333
0.083333
0.083333
0.083333
0.083333
0.083333
0.083333
0.083333
0.083333
0.083333
0.083333
0.083333
0.083333
0.083333
0.083333
0.083333
0.083333
0.083333
0.083333
0.083333
0.083333
0.083333
0.083333
0.083333
0.083333
0.083333
0.083333
0.083333
0.083333
0.083333
0.083333
0.083333
0.083333
0.083333
0.083333
0.083333
0.083333
0.083333
0.083333
0.083333
0.083333
0.083333
0.083333
0.083333
0.083333
0.083333
0.083333
0.083333
0.083333
0.083333
0.083333
0.083333
0.083333
0.083333
0.083333
0.083333
0.083333
0.083333
0.083333
0.083333
0.083333
0.083333
0.083333
0.083333
0.083333
0.083333
0.083333
0.083333
0.083333
0.083333
0.083333
0.083333
0.083333
0.083333
0.083333
0.083333
0.083333
0.083333
0.083333
0.083333
0.083333
0.083333
0.083333
0.083333
0.083333
0.083333
0.083333
0.083333
0.083333
0.083333
0.083333
0.083333
0.083333
0.083333
0.083333
0.083333
0.083333
0.083333
0.083333
0.083333
0.083333
0.083333
0.083333
0.083333
0.083333
0.083333
0.083333
0.083333
0.083333
0.083333
0.083333
0.083333
0.083333
0.083333
0.083333
0.083333
0.083333
0.083333
0.083333
0.083333
0.083333
0.083333
0.083333
0.083333
0.083333
0.083333
0.083333
0.083333
0.083333
0.083333
0.083333
0.083333
0.083333
0.083333
0.083333
0.083333
0.083333
0.083333
0.083333
0.083333
0.083333
0.083333
0.083333
0.083333
0.083333
0.083333
0.083333
0.083333
0.083333
0.083333
0.083333
0.083333
0.083333
0.083333
0.083333
0.083333
0.083333
0.083333
0.083333
0.083333
0.083333
0.083333
0.083333
0.083333
0.083333
0.083333
0.083333
0.083333
0.083333
0.083333
0.083333
0.083333
0.083333
0.083333
0.083333
0.083333
0.083333
0.083333
0.083333
0.083333
0.083333
0.083333
0.083333
0.083333
0.083333
0.083333
0.083333
0.083333
0.083333
0.083333
0.083333
0.083333
0.083333
0.083333
0.083333
0.083333
0.083333
0.083333
0.083333
0.083333
0.083333
0.083333
0.083333
0.083333
0.083333
0.083333
0.083333
0.083333
0.083333
0.083333
0.083333
0.083333
0.083333
0.083333
0.083333
0.083333
0.083333
0.083333
0.083333
0.083333
0.083333
0.083333
0.083333
0.083333
0.083333
0.083333
0.083333
0.083333
0.083333
0.083333
0.083333
0.083333
0.083333
0.083333
0.083333
0.083333
0.083333
0.083333
0.083333
0.083333
0.083333
0.083333
0.083333
0.083333
0.083333
0.083333
0.083333
0.083333
0.083333
0.083333
0.083333
0.083333
0.083333
0.083333
0.083333
0.083333
0.083333
0.083333
0.083333
0.083333
0.083333
0.083333
0.083333
0.083333
0.083333
0.083333
0.083333
0.083333
0.083333
0.083333
0.083333
0.083333
0.083333
0.083333
0.083333
0.083333
0.083333
0.083333
0.083333
0.083333
0.083333
0.083333
0.083333
0.083333
0.083333
0.083333
0.083333
0.083333
0.083333
0.083333
0.083333
0.083333
0.083333
0.083333
0.083333
0.083333
0.083333
0.083333
0.083333
0.083333
0.083333
0.083333
0.083333
0.083333
0.083333
0.083333
0.083333
0.083333
0.083333
0.083333
0.083333
0.083333
0.083333
0.083333
0.083333
0.083333
0.083333
0.083333
0.083333
0.083333
0.083333
0.083333
0.083333
0.083333
0.083333
0.083333
0.083333
0.083333
0.083333
0.083333
0.083333
0.083333
0.083333
0.083333
0.083333
0.083333
0.083333
0.083333
0.083333
0.083333
0.083333
0.083333
0.083333
0.083333
0.083333
0.083333
0.083333
0.083333
0.083333
0.083333
0.083333
0.083333
0.083333
0.083333
0.083333
0.083333
0.083333
0.083333
0.083333
0.083333
0.083333
0.083333
0.083333
0.083333
0.083333
0.083333
0.083333
0.083333
0.083333
0.083333
0.083333
0.083333
0.083333
0.083333
0.083333
0.083333
0.083333
0.083333
0.083333
0.083333
0.083333
0.083333
0.083333
0.083333
0.083333
0.083333
0.083333
0.083333
0.083333
0.083333
0.083333
0.083333
0.083333
0.083333
0.083333
0.083333
0.083333
0.083333
0.083333
0.083333
0.083333
0.083333
0.083333
0.083333
0.083333
0.083333
0.083333
0.083333
0.083333
0.083333
0.083333
0.083333
0.083333
0.083333
0.083333
0.083333
0.083333
0.083333
0.083333
0.083333
0.083333
0.083333
0.083333
0.083333
0.083333
0.083333
0.083333
0.083333
0.083333
0.083333
0.083333
0.083333
0.083333
0.083333
0.083333
0.083333
0.083333
0.083333
0.083333
0.083333
0.083333
0.083333
0.083333
0.083333
0.083333
0.083333
0.083333
0.083333
0.083333
0.083333
0.083333
0.083333
0.083333
0.083333
0.083333
0.083333
0.083333
0.083333
0.083333
0.083333
0.083333
0.083333
0.083333
0.083333
0.083333
0.083333
0.083333
0.083333
0.083333
0.083333
0.083333
0.083333
0.083333
0.083333
0.083333
0.083333
0.083333
0.083333
0.083333
0.083333
0.083333
0.083333
0.083333
0.083333
0.083333
0.083333
0.083333
0.083333
0.083333
0.083333
0.083333
0.083333
0.083333
0.083333
0.083333
0.083333
0.083333
0.083333
0.083333
0.083333
0.083333
0.083333
0.083333
0.083333
0.083333
0.083333
0.083333
0.083333
0.083333
0.083333
0.083333
0.083333
0.083333
0.083333
0.083333
0.083333
0.083333
0.083333
0.083333
0.083333
0.083333
0.083333
0.083333
0.083333
0.083333
0.083333
0.083333
0.083333
0.083333
0.083333
0.083333
0.083333
0.083333
0.083333
0.083333
0.083333
0.083333
0.083333
0.083333
0.083333
0.083333
0.083333
0.083333
0.083333
0.083333
0.083333
0.083333
0.083333
0.083333
0.083333
0.083333
0.083333
0.083333
0.083333
0.083333
0.083333
0.083333
0.083333
0.083333
0.083333
0.083333
0.083333
0.083333
0.083333
0.083333
0.083333
0.083333
0.083333
0.083333
0.083333
0.083333
0.083333
0.083333
0.083333
0.083333
0.083333
0.083333
0.083333
0.083333
0.083333
0.083333
0.083333
0.083333
0.083333
0.083333
0.083333
0.083333
0.083333
0.083333
0.083333
0.083333
0.083333
0.083333
0.083333
0.083333
0.083333
0.083333
0.083333
0.083333
0.083333
0.083333
0.083333
0.083333
0.083333
0.083333
0.083333
0.083333
0.083333
0.083333
0.083333
0.083333
0.083333
0.083333
0.083333
0.083333
0.083333
0.083333
0.083333
0.083333
0.083333
0.083333
0.083333
0.083333
0.083333
0.083333
0.083333
0.083333
0.083333
0.083333
0.083333
0.083333
0.083333
0.083333
0.083333
0.083333
0.083333
0.083333
0.083333
0.083333
0.083333
0.083333
0.083333
0.083333
0.083333
0.083333
0.083333
0.083333
0.083333
0.083333
0.083333
0.083333
0.083333
0.083333
0.083333
0.083333
0.083333
0.083333
0.083333
0.083333
0.083333
0.083333
0.083333
0.083333
0.083333
0.083333
0.083333
0.083333
0.083333
0.083333
0.083333
0.083333
0.083333
0.083333
0.083333
0.083333
0.083333
0.083333
0.083333
0.083333
0.083333
0.083333
0.083333
0.083333
0.083333
0.083333
0.083333
0.083333
0.083333
0.083333
0.083333
0.083333
0.083333
0.083333
0.083333
0.083333
0.083333
0.083333
0.083333
0.083333
0.083333
0.083333
0.083333
0.083333
0.083333
0.083333
0.083333
0.083333
0.083333
0.083333
0.083333
0.083333
0.083333
0.083333
0.083333
0.083333
0.083333
0.083333
0.083333
0.083333
0.083333
0.083333
0.083333
0.083333
0.083333
0.083333
0.083333
0.083333
0.083333
0.083333
0.083333
0.083333
0.083333
0.083333
0.083333
0.083333
0.083333
0.083333
0.083333
0.083333
0.083333
0.083333
0.083333
0.083333
0.083333
0.083333
0.083333
0.083333
0.083333
0.083333
0.083333
0.083333
0.083333
0.083333
0.083333
0.083333
0.083333
0.083333
0.083333
0.083333
0.083333
0.083333
0.083333
0.083333
0.083333
0.083333
0.083333
0.083333
0.083333
0.083333
0.083333
0.083333
0.083333
0.083333
0.083333
0.083333
0.083333
0.083333
0.083333
0.083333
0.083333
0.083333
0.083333
0.083333
0.083333
0.083333
0.083333
0.083333
0.083333
0.083333
0.083333
0.083333
0.083333
0.083333
0.083333
0.083333
0.083333
0.083333
0.083333
0.083333
0.083333
0.083333
0.083333
0.083333
0.083333
0.083333
0.083333
0.083333
0.083333
0.083333
0.083333
0.083333
0.083333
0.083333
0.083333
0.083333
0.083333
0.083333
0.083333
0.083333
0.083333
0.083333
0.083333
0.083333
0.083333
0.083333
0.083333
0.083333
0.083333
0.083333
0.083333
0.083333
0.083333
0.083333
0.083333
0.083333
0.083333
0.083333
0.083333
0.083333
0.083333
0.083333
0.083333
0.083333
0.083333
0.083333
0.083333
0.083333
0.083333
0.083333
0.083333
0.083333
0.083333
0.083333
0.083333
0.083333
0.083333
0.083333
0.083333
0.083333
0.083333
0.083333
0.083333
0.083333
0.083333
0.083333
0.083333
0.083333
0.083333
0.083333
0.083333
0.083333
0.083333
0.083333
0.083333
0.083333
0.083333
0.083333
0.083333
0.083333
0.083333
0.083333
0.083333
0.083333
0.083333
0.083333
0.083333
0.083333
0.083333
0.083333
0.083333
0.083333
0.083333
0.083333
0.083333
0.083333
0.083333
0.083333
0.083333
0.083333
0.083333
0.083333
0.083333
0.083333
0.083333
0.083333
0.083333
0.083333
0.083333
0.083333
0.083333
0.083333
0.083333
0.083333
0.083333
0.083333
0.083333
0.083333
0.083333
0.083333
0.083333
0.083333
0.083333
0.083333
0.083333
0.083333
0.083333
0.083333
0.083333
0.083333
0.083333
0.083333
0.083333
0.083333
0.083333
0.083333
0.083333
0.083333
0.083333
0.083333
0.083333
0.083333
0.083333
0.083333
0.083333
0.083333
0.083333
0.083333
0.083333
0.083333
0.083333
0.083333
0.083333
0.083333
0.083333
0.083333
0.083333
0.083333
0.083333
0.083333
0.083333
0.083333
0.083333
0.083333
0.083333
0.083333
0.083333
0.083333
0.083333
0.083333
0.083333
0.083333
0.083333
0.083333
0.083333
0.083333
0.083333
0.083333
0.083333
0.083333
0.083333
0.083333
0.083333
0.083333
0.083333
0.083333
0.083333
0.083333
0.083333
0.083333
0.083333
0.083333
0.083333
0.083333
0.083333
0.083333
0.083333
0.083333
0.083333
0.083333
0.083333
0.083333
0.083333
0.083333
0.083333
0.083333
0.083333
0.083333
0.083333
0.083333
0.083333
0.083333
0.083333
0.083333
0.083333
0.083333
0.083333
0.083333
0.083333
0.083333
0.083333
0.083333
0.083333
0.083333
0.083333
0.083333
0.083333
0.083333
0.083333
0.083333
0.083333
0.083333
0.083333
0.083333
0.083333
0.083333
0.083333
0.083333
0.083333
0.083333
0.083333
0.083333
0.083333
0.083333
0.083333
0.083333
0.083333
0.083333
0.083333
0.083333
0.083333
0.083333
0.083333
0.083333
0.083333
0.083333
0.083333
0.083333
0.083333
0.083333
0.083333
0.083333
0.083333
0.083333
0.083333
0.083333
0.083333
0.083333
0.083333
0.083333
0.083333
0.083333
0.083333
0.083333
0.083333
0.083333
0.083333
0.083333
0.083333
0.083333
0.083333
0.083333
0.083333
0.083333
0.083333
0.083333
0.083333
0.083333
0.083333
0.083333
0.083333
0.083333
0.083333
0.083333
0.083333
0.083333
0.083333
0.083333
0.083333
0.083333
0.083333
0.083333
0.083333
0.083333
0.083333
0.083333
0.083333
0.083333
0.083333
0.083333
0.083333
0.083333
0.083333
0.083333
0.083333
0.083333
0.083333
0.083333
0.083333
0.083333
0.083333
0.083333
0.083333
0.083333
0.083333
0.083333
0.083333
0.083333
0.083333
0.083333
0.083333
0.083333
0.083333
0.083333
0.083333
0.083333
0.083333
0.083333
0.083333
0.083333
0.083333
0.083333
0.083333
0.083333
0.083333
0.083333
0.083333
0.083333
0.083333
0.083333
0.083333
0.083333
0.083333
0.083333
0.083333
0.083333
0.083333
0.083333
0.083333
0.083333
0.083333
0.083333
0.083333
0.083333
0.083333
0.083333
0.083333
0.083333
0.083333
0.083333
0.083333
0.083333
0.083333
0.083333
0.083333
0.083333
0.083333
0.083333
0.083333
0.083333
0.083333
0.083333
0.083333
0.083333
0.083333
0.083333
0.083333
0.083333
0.083333
0.083333
0.083333
0.083333
0.083333
0.083333
0.083333
0.083333
0.083333
0.083333
0.083333
0.083333
0.083333
0.083333
0.083333
0.083333
0.083333
0.083333
0.083333
0.083333
0.083333
0.083333
0.083333
0.083333
0.083333
0.083333
0.083333
0.083333
0.083333
0.083333
0.083333
0.083333
0.083333
0.083333
0.083333
0.083333
0.083333
0.083333
0.083333
0.083333
0.083333
0.083333
0.083333
0.083333
0.083333
0.083333
0.083333
0.083333
0.083333
0.083333
0.083333
0.083333
0.083333
0.083333
0.083333
0.083333
0.083333
0.083333
0.083333
0.083333
0.083333
0.083333
0.083333
0.083333
0.083333
0.083333
0.083333
0.083333
0.083333
0.083333
0.083333
0.083333
0.083333
0.083333
0.083333
0.083333
0.083333
0.083333
0.083333
0.083333
0.083333
0.083333
0.083333
0.083333
0.083333
0.083333
0.083333
0.083333
0.083333
0.083333
0.083333
0.083333
0.083333
0.083333
0.083333
0.083333
0.083333
0.083333
0.083333
0.083333
0.083333
0.083333
0.083333
0.083333
0.083333
0.083333
0.083333
0.083333
0.083333
0.083333
0.083333
0.083333
0.083333
0.083333
0.083333
0.083333
0.083333
0.083333
0.083333
0.083333
0.083333
0.083333
0.083333
0.083333
0.083333
0.083333
0.083333
0.083333
0.083333
0.083333
0.083333
0.083333
0.083333
0.083333
0.083333
0.083333
0.083333
0.083333
0.083333
0.083333
0.083333
0.083333
0.083333
0.083333
0.083333
0.083333
0.083333
0.083333
0.083333
0.083333
0.083333
0.083333
0.083333
0.083333
0.083333
0.083333
0.083333
0.083333
0.083333
0.083333
0.083333
0.083333
0.083333
0.083333
0.083333
0.083333
0.083333
0.083333
0.083333
0.083333
0.083333
0.083333
0.083333
0.083333
0.083333
0.083333
0.083333
0.083333
0.083333
0.083333
0.083333
0.083333
0.083333
0.083333
0.083333
0.083333
0.083333
0.083333
0.083333
0.083333
0.083333
0.083333
0.083333
0.083333
0.083333
0.083333
0.083333
0.083333
0.083333
0.083333
0.083333
0.083333
0.083333
0.083333
0.083333
0.083333
0.083333
0.083333
0.083333
0.083333
0.083333
0.083333
0.083333
0.083333
0.083333
0.083333
0.083333
0.083333
0.083333
0.083333
0.083333
0.083333
0.083333
0.083333
0.083333
0.083333
0.083333
0.083333
0.083333
0.083333
0.083333
0.083333
0.083333
0.083333
0.083333
0.083333
0.083333
0.083333
0.083333
0.083333
0.083333
0.083333
0.083333
0.083333
0.083333
0.083333
0.083333
0.083333
0.083333
0.083333
0.083333
0.083333
0.083333
0.083333
0.083333
0.083333
0.083333
0.083333
0.083333
0.083333
0.083333
0.083333
0.083333
0.083333
0.083333
0.083333
0.083333
0.083333
0.083333
0.083333
0.083333
0.083333
0.083333
0.083333
0.083333
0.083333
0.083333
0.083333
0.083333
0.083333
0.083333
0.083333
0.083333
0.083333
0.083333
0.083333
0.083333
0.083333
0.083333
0.083333
0.083333
0.083333
0.083333
0.083333
0.083333
0.083333
0.083333
0.083333
0.083333
0.083333
0.083333
0.083333
0.083333
0.083333
0.083333
0.083333
0.083333
0.083333
0.083333
0.083333
0.083333
0.083333
0.083333
0.083333
0.083333
0.083333
0.083333
0.083333
0.083333
0.083333
0.083333
0.083333
0.083333
0.083333
0.083333
0.083333
0.083333
0.083333
0.083333
0.083333
0.083333
0.083333
0.083333
0.083333
0.083333
0.083333
0.083333
0.083333
0.083333
0.083333
0.083333
0.083333
0.083333
0.083333
0.083333
0.083333
0.083333
0.083333
0.083333
0.083333
0.083333
0.083333
0.083333
0.083333
0.083333
0.083333
0.083333
0.083333
0.083333
0.083333
0.083333
0.083333
0.083333
0.083333
0.083333
0.083333
0.083333
0.083333
0.083333
0.083333
0.083333
0.083333
0.083333
0.083333
0.083333
0.083333
0.083333
0.083333
0.083333
0.083333
0.083333
0.083333
0.083333
0.083333
0.083333
0.083333
0.083333
0.083333
0.083333
0.083333
0.083333
0.083333
0.083333
0.083333
0.083333
0.083333
0.083333
0.083333
0.083333
0.083333
0.083333
0.083333
0.083333
0.083333
0.083333
0.083333
0.083333
0.083333
0.083333
0.083333
0.083333
0.083333
0.083333
0.083333
0.083333
0.083333
0.083333
0.083333
0.083333
0.083333
0.083333
0.083333
0.083333
0.083333
0.083333
0.083333
0.083333
0.083333
0.083333
0.083333
0.083333
0.083333
0.083333
0.083333
0.083333
0.083333
0.083333
0.083333
0.083333
0.083333
0.083333
0.083333
0.083333
0.083333
0.083333
0.083333
0.083333
0.083333
0.083333
0.083333
0.083333
0.083333
0.083333
0.083333
0.083333
0.083333
0.083333
0.083333
0.083333
0.083333
0.083333
0.083333
0.083333
0.083333
0.083333
0.083333
0.083333
0.083333
0.083333
0.083333
0.083333
0.083333
0.083333
0.083333
0.083333
0.083333
0.083333
0.083333
0.083333
0.083333
0.083333
0.083333
0.083333
0.083333
0.083333
0.083333
0.083333
0.083333
0.083333
0.083333
0.083333
0.083333
0.083333
0.083333
0.083333
0.083333
0.083333
0.083333
0.083333
0.083333
0.083333
0.083333
0.083333
0.083333
0.083333
0.083333
0.083333
0.083333
0.083333
0.083333
0.083333
0.083333
0.083333
0.083333
0.083333
0.083333
0.083333
0.083333
0.083333
0.083333
0.083333
0.083333
0.083333
0.083333
0.083333
0.083333
0.083333
0.083333
0.083333
0.083333
0.083333
0.083333
0.083333
0.083333
0.083333
0.083333
0.083333
0.083333
0.083333
0.083333
0.083333
0.083333
0.083333
0.083333
0.083333
0.083333
0.083333
0.083333
0.083333
0.083333
0.083333
0.083333
0.083333
0.083333
0.083333
0.083333
0.083333
0.083333
0.083333
0.083333
0.083333
0.083333
0.083333
0.083333
0.083333
0.083333
0.083333
0.083333
0.083333
0.083333
0.083333
0.083333
0.083333
0.083333
0.083333
0.083333
0.083333
0.083333
0.083333
0.083333
0.083333
0.083333
0.083333
0.083333
0.083333
0.083333
0.083333
0.083333
0.083333
0.083333
0.083333
0.083333
0.083333
0.083333
0.083333
0.083333
0.083333
0.083333
0.083333
0.083333
0.083333
0.083333
0.083333
0.083333
0.083333
0.083333
0.083333
0.083333
0.083333
0.083333
0.083333
0.083333
0.083333
0.083333
0.083333
0.083333
0.083333
0.083333
0.083333
0.083333
0.083333
0.083333
0.083333
0.083333
0.083333
0.083333
0.083333
0.083333
0.083333
0.083333
0.083333
0.083333
0.083333
0.083333
0.083333
0.083333
0.083333
0.083333
0.083333
0.083333
0.083333
0.083333
0.083333
0.083333
0.083333
0.083333
0.083333
0.083333
0.083333
0.083333
0.083333
0.083333
0.083333
0.083333
0.083333
0.083333
0.083333
0.083333
0.083333
0.083333
0.083333
0.083333
0.083333
0.083333
0.083333
0.083333
0.083333
0.083333
0.083333
0.083333
0.083333
0.083333
0.083333
0.083333
0.083333
0.083333
0.083333
0.083333
0.083333
0.083333
0.083333
0.083333
0.083333
0.083333
0.083333
0.083333
0.083333
0.083333
0.083333
0.083333
0.083333
0.083333
0.083333
0.083333
0.083333
0.083333
0.083333
0.083333
0.083333
0.083333
0.083333
0.083333
0.083333
0.083333
0.083333
0.083333
0.083333
0.083333
0.083333
0.083333
0.083333
0.083333
0.083333
0.083333
0.083333
0.083333
0.083333
0.083333
0.083333
0.083333
0.083333
0.083333
0.083333
0.083333
0.083333
0.083333
0.083333
0.083333
0.083333
0.083333
0.083333
0.083333
0.083333
0.083333
0.083333
0.083333
0.083333
0.083333
0.083333
0.083333
0.083333
0.083333
0.083333
0.083333
0.083333
0.083333
0.083333
0.083333
0.083333
0.083333
0.083333
0.083333
0.083333
0.083333
0.083333
0.083333
0.083333
0.083333
0.083333
0.083333
0.083333
0.083333
0.083333
0.083333
0.083333
0.083333
0.083333
0.083333
0.083333
0.083333
0.083333
0.083333
0.083333
0.083333
0.083333
0.083333
0.083333
0.083333
0.083333
0.083333
0.083333
0.083333
0.083333
0.083333
0.083333
0.083333
0.083333
0.083333
0.083333
0.083333
0.083333
0.083333
0.083333
0.083333
0.083333
0.083333
0.083333
0.083333
0.083333
0.083333
0.083333
0.083333
0.083333
0.083333
0.083333
0.083333
0.083333
0.083333
0.083333
0.083333
0.083333
0.083333
0.083333
0.083333
0.083333
0.083333
0.083333
0.083333
0.083333
0.083333
0.083333
0.083333
0.083333
0.083333
0.083333
0.083333
0.083333
0.083333
0.083333
0.083333
0.083333
0.083333
0.083333
0.083333
0.083333
0.083333
0.083333
0.083333
0.083333
0.083333
0.083333
0.083333
0.083333
0.083333
0.083333
0.083333
0.083333
0.083333
0.083333
0.083333
0.083333
0.083333
0.083333
0.083333
0.083333
0.083333
0.083333
0.083333
0.083333
0.083333
0.083333
0.083333
0.083333
0.083333
0.083333
0.083333
0.083333
0.083333
0.083333
0.083333
0.083333
0.083333
0.083333
0.083333
0.083333
0.083333
0.083333
0.083333
0.083333
0.083333
0.083333
0.083333
0.083333
0.083333
0.083333
0.083333
0.083333
0.083333
0.083333
0.083333
0.083333
0.083333
0.083333
0.083333
0.083333
0.083333
0.083333
0.083333
0.083333
0.083333
0.083333
0.083333
0.083333
0.083333
0.083333
0.083333
0.083333
0.083333
0.083333
0.083333
0.083333
0.083333
0.083333
0.083333
0.083333
0.083333
0.083333
0.083333
0.083333
0.083333
0.083333
0.083333
0.083333
0.083333
0.083333
0.083333
0.083333
0.083333
0.083333
0.083333
0.083333
0.083333
0.083333
0.083333
0.083333
0.083333
0.083333
0.083333
0.083333
0.083333
0.083333
0.083333
0.083333
0.083333
0.083333
0.083333
0.083333
0.083333
0.083333
0.083333
0.083333
0.083333
0.083333
0.083333
0.083333
0.083333
0.083333
0.083333
0.083333
0.083333
0.083333
0.083333
0.083333
0.083333
0.083333
0.083333
0.083333
0.083333
0.083333
0.083333
0.083333
0.083333
0.083333
0.083333
0.083333
0.083333
0.083333
0.083333
0.083333
0.083333
0.083333
0.083333
0.083333
0.083333
0.083333
0.083333
0.083333
0.083333
0.083333
0.083333
0.083333
0.083333
0.083333
0.083333
0.083333
0.083333
0.083333
0.083333
0.083333
0.083333
0.083333
0.083333
0.083333
0.083333
0.083333
0.083333
0.083333
0.083333
0.083333
0.083333
0.083333
0.083333
0.083333
0.083333
0.083333
0.083333
0.083333
0.083333
0.083333
0.083333
0.083333
0.083333
0.083333
0.083333
0.083333
0.083333
0.083333
0.083333
0.083333
0.083333
0.083333
0.083333
0.083333
0.083333
0.083333
0.083333
0.083333
0.083333
0.083333
0.083333
0.083333
0.083333
0.083333
0.083333
0.083333
0.083333
0.083333
0.083333
0.083333
0.083333
0.083333
0.083333
0.083333
0.083333
0.083333
0.083333
0.083333
0.083333
0.083333
0.083333
0.083333
0.083333
0.083333
0.083333
0.083333
0.083333
0.083333
0.083333
0.083333
0.083333
0.083333
0.083333
0.083333
0.083333
0.083333
0.083333
0.083333
0.083333
0.083333
0.083333
0.083333
0.083333
0.083333
0.083333
0.083333
0.083333
0.083333
0.083333
0.083333
0.083333
0.083333
0.083333
0.083333
0.083333
0.083333
0.083333
0.083333
0.083333
0.083333
0.083333
0.083333
0.083333
0.083333
0.083333
0.083333
0.083333
0.083333
0.083333
0.083333
0.083333
0.083333
0.083333
0.083333
0.083333
0.083333
0.083333
0.083333
0.083333
0.083333
0.083333
0.083333
0.083333
0.083333
0.083333
0.083333
0.083333
0.083333
0.083333
0.083333
0.083333
0.083333
0.083333
0.083333
0.083333
0.083333
0.083333
0.083333
0.083333
0.083333
0.083333
0.083333
0.083333
0.083333
0.083333
0.083333
0.083333
0.083333
0.083333
0.083333
0.083333
0.083333
0.083333
0.083333
0.083333
0.083333
0.083333
0.083333
0.083333
0.083333
0.083333
0.083333
0.083333
0.083333
0.083333
0.083333
0.083333
0.083333
0.083333
0.083333
0.083333
0.083333
0.083333
0.083333
0.083333
0.083333
0.083333
0.083333
0.083333
0.083333
0.083333
0.083333
0.083333
0.083333
0.083333
0.083333
0.083333
0.083333
0.083333
0.083333
0.083333
0.083333
0.083333
0.083333
0.083333
0.083333
0.083333
0.083333
0.083333
0.083333
0.083333
0.083333
0.083333
0.083333
0.083333
0.083333
0.083333
0.083333
0.083333
0.083333
0.083333
0.083333
0.083333
0.083333
0.083333
0.083333
0.083333
0.083333
0.083333
0.083333
0.083333
0.083333
0.083333
0.083333
0.083333
0.083333
0.083333
0.083333
0.083333
0.083333
0.083333
0.083333
0.083333
0.083333
0.083333
0.083333
0.083333
0.083333
0.083333
0.083333
0.083333
0.083333
0.083333
0.083333
0.083333
0.083333
0.083333
0.083333
0.083333
0.083333
0.083333
0.083333
0.083333
0.083333
0.083333
0.083333
0.083333
0.083333
0.083333
0.083333
0.083333
0.083333
0.083333
0.083333
0.083333
0.083333
0.083333
0.083333
0.083333
0.083333
0.083333
0.083333
0.083333
0.083333
0.083333
0.083333
0.083333
0.083333
0.083333
0.083333
0.083333
0.083333
0.083333
0.083333
0.083333
0.083333
0.083333
0.083333
0.083333
0.083333
0.083333
0.083333
0.083333
0.083333
0.083333
0.083333
0.083333
0.083333
0.083333
0.083333
0.083333
0.083333
0.083333
0.083333
0.083333
0.083333
0.083333
0.083333
0.083333
0.083333
0.083333
0.083333
0.083333
0.083333
0.083333
0.083333
0.083333
0.083333
0.083333
0.083333
0.083333
0.083333
0.083333
0.083333
0.083333
0.083333
0.083333
0.083333
0.083333
0.083333
0.083333
0.083333
0.083333
0.083333
0.083333
0.083333
0.083333
0.083333
0.083333
0.083333
0.083333
0.083333
0.083333
0.083333
0.083333
0.083333
0.083333
0.083333
0.083333
0.083333
0.083333
0.083333
0.083333
0.083333
0.083333
0.083333
0.083333
0.083333
0.083333
0.083333
0.083333
0.083333
0.083333
0.083333
0.083333
0.083333
0.083333
0.083333
0.083333
0.083333
0.083333
0.083333
0.083333
0.083333
0.083333
0.083333
0.083333
0.083333
0.083333
0.083333
0.083333
0.083333
0.083333
0.083333
0.083333
0.083333
0.083333
0.083333
0.083333
0.083333
0.083333
0.083333
0.083333
0.083333
0.083333
0.083333
0.083333
0.083333
0.083333
0.083333
0.083333
0.083333
0.083333
0.083333
0.083333
0.083333
0.083333
0.083333
0.083333
0.083333
0.083333
0.083333
0.083333
0.083333
0.083333
0.083333
0.083333
0.083333
0.083333
0.083333
0.083333
0.083333
0.083333
0.083333
0.083333
0.083333
0.083333
0.083333
0.083333
0.083333
0.083333
0.083333
0.083333
0.083333
0.083333
0.083333
0.083333
0.083333
0.083333
0.083333
0.083333
0.083333
0.083333
0.083333
0.083333
0.083333
0.083333
0.083333
0.083333
0.083333
0.083333
0.083333
0.083333
0.083333
0.083333
0.083333
0.083333
0.083333
0.083333
0.083333
0.083333
0.083333
0.083333
0.083333
0.083333
0.083333
0.083333
0.083333
0.083333
0.083333
0.083333
0.083333
0.083333
0.083333
0.083333
0.083333
0.083333
0.083333
0.083333
0.083333
0.083333
0.083333
0.083333
0.083333
0.083333
0.083333
0.083333
0.083333
0.083333
0.083333
0.083333
0.083333
0.083333
0.083333
0.083333
0.083333
0.083333
0.083333
0.083333
0.083333
0.083333
0.083333
0.083333
0.083333
0.083333
0.083333
0.083333
0.083333
0.083333
0.083333
0.083333
0.083333
0.083333
0.083333
0.083333
0.083333
0.083333
0.083333
0.083333
0.083333
0.083333
0.083333
0.083333
0.083333
0.083333
0.083333
0.083333
0.083333
0.083333
0.083333
0.083333
0.083333
0.083333
0.083333
0.083333
0.083333
0.083333
0.083333
0.083333
0.083333
0.083333
0.083333
0.083333
0.083333
0.083333
0.083333
0.083333
0.083333
0.083333
0.083333
0.083333
0.083333
0.083333
0.083333
0.083333
0.083333
0.083333
0.083333
0.083333
0.083333
0.083333
0.083333
0.083333
0.083333
0.083333
0.083333
0.083333
0.083333
0.083333
0.083333
0.083333
0.083333
0.083333
0.083333
0.083333
0.083333
0.083333
0.083333
0.083333
0.083333
0.083333
0.083333
0.083333
0.083333
0.083333
0.083333
0.083333
0.083333
0.083333
0.083333
0.083333
0.083333
0.083333
0.083333
0.083333
0.083333
0.083333
0.083333
0.083333
0.083333
0.083333
0.083333
0.083333
0.083333
0.083333
0.083333
0.083333
0.083333
0.083333
0.083333
0.083333
0.083333
0.083333
0.083333
0.083333
0.083333
0.083333
0.083333
0.083333
0.083333
0.083333
0.083333
0.083333
0.083333
0.083333
0.083333
0.083333
0.083333
0.083333
0.083333
0.083333
0.083333
0.083333
0.083333
0.083333
0.083333
0.083333
0.083333
0.083333
0.083333
0.083333
0.083333
0.083333
0.083333
0.083333
0.083333
0.083333
0.083333
0.083333
0.083333
0.083333
0.083333
0.083333
0.083333
0.083333
0.083333
0.083333
0.083333
0.083333
0.083333
0.083333
0.083333
0.083333
0.083333
0.083333
0.083333
0.083333
0.083333
0.083333
0.083333
0.083333
0.083333
0.083333
0.083333
0.083333
0.083333
0.083333
0.083333
0.083333
0.083333
0.083333
0.083333
0.083333
0.083333
0.083333
0.083333
0.083333
0.083333
0.083333
0.083333
0.083333
0.083333
0.083333
0.083333
0.083333
0.083333
0.083333
0.083333
0.083333
0.083333
0.083333
0.083333
0.083333
0.083333
0.083333
0.083333
0.083333
0.083333
0.083333
0.083333
0.083333
0.083333
0.083333
0.083333
0.083333
0.083333
0.083333
0.083333
0.083333
0.083333
0.083333
0.083333
0.083333
0.083333
0.083333
0.083333
0.083333
0.083333
0.083333
0.083333
0.083333
0.083333
0.083333
0.083333
0.083333
0.083333
0.083333
0.083333
0.083333
0.083333
0.083333
0.083333
0.083333
0.083333
0.083333
0.083333
0.083333
0.083333
0.083333
0.083333
0.083333
0.083333
0.083333
0.083333
0.083333
0.083333
0.083333
0.083333
0.083333
0.083333
0.083333
0.083333
0.083333
0.083333
0.083333
0.083333
0.083333
0.083333
0.083333
0.083333
0.083333
0.083333
0.083333
0.083333
0.083333
0.083333
0.083333
0.083333
0.083333
0.083333
0.083333
0.083333
0.083333
0.083333
0.083333
0.083333
0.083333
0.083333
0.083333
0.083333
0.083333
0.083333
0.083333
0.083333
0.083333
0.083333
0.083333
0.083333
0.083333
0.083333
0.083333
0.083333
0.083333
0.083333
0.083333
0.083333
0.083333
0.083333
0.083333
0.083333
0.083333
0.083333
0.083333
0.083333
0.083333
0.083333
0.083333
0.083333
0.083333
0.083333
0.083333
0.083333
0.083333
0.083333
0.083333
0.083333
0.083333
0.083333
0.083333
0.083333
0.083333
0.083333
0.083333
0.083333
0.083333
0.083333
0.083333
0.083333
0.083333
0.083333
0.083333
0.083333
0.083333
0.083333
0.083333
0.083333
0.083333
0.083333
0.083333
0.083333
0.083333
0.083333
0.083333
0.083333
0.083333
0.083333
0.083333
0.083333
0.083333
0.083333
0.083333
0.083333
0.083333
0.083333
0.083333
0.083333
0.083333
0.083333
0.083333
0.083333
0.083333
0.083333
0.083333
0.083333
0.083333
0.083333
0.083333
0.083333
0.083333
0.083333
0.083333
0.083333
0.083333
0.083333
0.083333
0.083333
0.083333
0.083333
0.083333
0.083333
0.083333
0.083333
0.083333
0.083333
0.083333
0.083333
0.083333
0.083333
0.083333
0.083333
0.083333
0.083333
0.083333
0.083333
0.083333
0.083333
0.083333
0.083333
0.083333
0.083333
0.083333
0.083333
0.083333
0.083333
0.083333
0.083333
0.083333
0.083333
0.083333
0.083333
0.083333
0.083333
0.083333
0.083333
0.083333
0.083333
0.083333
0.083333
0.083333
0.083333
0.083333
0.083333
0.083333
0.083333
0.083333
0.083333
0.083333
0.083333
0.083333
0.083333
0.083333
0.083333
0.083333
0.083333
0.083333
0.083333
0.083333
0.083333
0.083333
0.083333
0.083333
0.083333
0.083333
0.083333
0.083333
0.083333
0.083333
0.083333
0.083333
0.083333
0.083333
0.083333
0.083333
0.083333
0.083333
0.083333
0.083333
0.083333
0.083333
0.083333
0.083333
0.083333
0.083333
0.083333
0.083333
0.083333
0.083333
0.083333
0.083333
0.083333
0.083333
0.083333
0.083333
0.083333
0.083333
0.083333
0.083333
0.083333
0.083333
0.083333
0.083333
0.083333
0.083333
0.083333
0.083333
0.083333
0.083333
0.083333
0.083333
0.083333
0.083333
0.083333
0.083333
0.083333
0.083333
0.083333
0.083333
0.083333
0.083333
0.083333
0.083333
0.083333
0.083333
0.083333
0.083333
0.083333
0.083333
0.083333
0.083333
0.083333
0.083333
0.083333
0.083333
0.083333
0.083333
0.083333
0.083333
0.083333
0.083333
0.083333
0.083333
0.083333
0.083333
0.083333
0.083333
0.083333
0.083333
0.083333
0.083333
0.083333
0.083333
0.083333
0.083333
0.083333
0.083333
0.083333
0.083333
0.083333
0.083333
0.083333
0.083333
0.083333
0.083333
0.083333
0.083333
0.083333
0.083333
0.083333
0.083333
0.083333
0.083333
0.083333
0.083333
0.083333
0.083333
0.083333
0.083333
0.083333
0.083333
0.083333
0.083333
0.083333
0.083333
0.083333
0.083333
0.083333
0.083333
0.083333
0.083333
0.083333
0.083333
0.083333
0.083333
0.083333
0.083333
0.083333
0.083333
0.083333
0.083333
0.083333
0.083333
0.083333
0.083333
0.083333
0.083333
0.083333
0.083333
0.083333
0.083333
0.083333
0.083333
0.083333
0.083333
0.083333
0.083333
0.083333
0.083333
0.083333
0.083333
0.083333
0.083333
0.083333
0.083333
0.083333
0.083333
0.083333
0.083333
0.083333
0.083333
0.083333
0.083333
0.083333
0.083333
0.083333
0.083333
0.083333
0.083333
0.083333
0.083333
0.083333
0.083333
0.083333
0.083333
0.083333
0.083333
0.083333
0.083333
0.083333
0.083333
0.083333
0.083333
0.083333
0.083333
0.083333
0.083333
0.083333
0.083333
0.083333
0.083333
0.083333
0.083333
0.083333
0.083333
0.083333
0.083333
0.083333
0.083333
0.083333
0.083333
0.083333
0.083333
0.083333
0.083333
0.083333
0.083333
0.083333
0.083333
0.083333
0.083333
0.083333
0.083333
0.083333
0.083333
0.083333
0.083333
0.083333
0.083333
0.083333
0.083333
0.083333
0.083333
0.083333
0.083333
0.083333
0.083333
0.083333
0.083333
0.083333
0.083333
0.083333
0.083333
0.083333
0.083333
0.083333
0.083333
0.083333
0.083333
0.083333
0.083333
0.083333
0.083333
0.083333
0.083333
0.083333
0.083333
0.083333
0.083333
0.083333
0.083333
0.083333
0.083333
0.083333
0.083333
0.083333
0.083333
0.083333
0.083333
0.083333
0.083333
0.083333
0.083333
0.083333
0.083333
0.083333
0.083333
0.083333
0.083333
0.083333
0.083333
0.083333
0.083333
0.083333
0.083333
0.083333
0.083333
0.083333
0.083333
0.083333
0.083333
0.083333
0.083333
0.083333
0.083333
0.083333
0.083333
0.083333
0.083333
0.083333
0.083333
0.083333
0.083333
0.083333
0.083333
0.083333
0.083333
0.083333
0.083333
0.083333
0.083333
0.083333
0.083333
0.083333
0.083333
0.083333
0.083333
0.083333
0.083333
0.083333
0.083333
0.083333
0.083333
0.083333
0.083333
0.083333
0.083333
0.083333
0.083333
0.083333
0.083333
0.083333
0.083333
0.083333
0.083333
0.083333
0.083333
0.083333
0.083333
0.083333
0.083333
0.083333
0.083333
0.083333
0.083333
0.083333
0.083333
0.083333
0.083333
0.083333
0.083333
0.083333
0.083333
0.083333
0.083333
0.083333
0.083333
0.083333
0.083333
0.083333
0.083333
0.083333
0.083333
0.083333
0.083333
0.083333
0.083333
0.083333
0.083333
0.083333
0.083333
0.083333
0.083333
0.083333
0.083333
0.083333
0.083333
0.083333
0.083333
0.083333
0.083333
0.083333
0.083333
0.083333
0.083333
0.083333
0.083333
0.083333
0.083333
0.083333
0.083333
0.083333
0.083333
0.083333
0.083333
0.083333
0.083333
0.083333
0.083333
0.083333
0.083333
0.083333
0.083333
0.083333
0.083333
0.083333
0.083333
0.083333
0.083333
0.083333
0.083333
0.083333
0.083333
0.083333
0.083333
0.083333
0.083333
0.083333
0.083333
0.083333
0.083333
0.083333
0.083333
0.083333
0.083333
0.083333
0.083333
0.083333
0.083333
0.083333
0.083333
0.083333
0.083333
0.083333
0.083333
0.083333
0.083333
0.083333
0.083333
0.083333
0.083333
0.083333
0.083333
0.083333
0.083333
0.083333
0.083333
0.083333
0.083333
0.083333
0.083333
0.083333
0.083333
0.083333
0.083333
0.083333
0.083333
0.083333
0.083333
0.083333
0.083333
0.083333
0.083333
0.083333
0.083333
0.083333
0.083333
0.083333
0.083333
0.083333
0.083333
0.083333
0.083333
0.083333
0.083333
0.083333
0.083333
0.083333
0.083333
0.083333
0.083333
0.083333
0.083333
0.083333
0.083333
0.083333
0.083333
0.083333
0.083333
0.083333
0.083333
0.083333
0.083333
0.083333
0.083333
0.083333
0.083333
0.083333
0.083333
0.083333
0.083333
0.083333
0.083333
0.083333
0.083333
0.083333
0.083333
0.083333
0.083333
0.083333
0.083333
0.083333
0.083333
0.083333
0.083333
0.083333
0.083333
0.083333
0.083333
0.083333
0.083333
0.083333
0.083333
0.083333
0.083333
0.083333
0.083333
0.083333
0.083333
0.083333
0.083333
0.083333
0.083333
0.083333
0.083333
0.083333
0.083333
0.083333
0.083333
0.083333
0.083333
0.083333
0.083333
0.083333
0.083333
0.083333
0.083333
0.083333
0.083333
0.083333
0.083333
0.083333
0.083333
0.083333
0.083333
0.083333
0.083333
0.083333
0.083333
0.083333
0.083333
0.083333
0.083333
0.083333
0.083333
0.083333
0.083333
0.083333
0.083333
0.083333
0.083333
0.083333
0.083333
0.083333
0.083333
0.083333
0.083333
0.083333
0.083333
0.083333
0.083333
0.083333
0.083333
0.083333
0.083333
0.083333
0.083333
0.083333
0.083333
0.083333
0.083333
0.083333
0.083333
0.083333
0.083333
0.083333
0.083333
0.083333
0.083333
0.083333
0.083333
0.083333
0.083333
0.083333
0.083333
0.083333
0.083333
0.083333
0.083333
0.083333
0.083333
0.083333
0.083333
0.083333
0.083333
0.083333
0.083333
0.083333
0.083333
0.083333
0.083333
0.083333
0.083333
0.083333
0.083333
0.083333
0.083333
0.083333
0.083333
0.083333
0.083333
0.083333
0.083333
0.083333
0.083333
0.083333
0.083333
0.083333
0.083333
0.083333
0.083333
0.083333
0.083333
0.083333
0.083333
0.083333
0.083333
0.083333
0.083333
0.083333
0.083333
0.083333
0.083333
0.083333
0.083333
0.083333
0.083333
0.083333
0.083333
0.083333
0.083333
0.083333
0.083333
0.083333
0.083333
0.083333
0.083333
0.083333
0.083333
0.083333
0.083333
0.083333
0.083333
0.083333
0.083333
0.083333
0.083333
0.083333
0.083333
0.083333
0.083333
0.083333
0.083333
0.083333
0.083333
0.083333
0.083333
0.083333
0.083333
0.083333
0.083333
0.083333
0.083333
0.083333
0.083333
0.083333
0.083333
0.083333
0.083333
0.083333
0.083333
0.083333
0.083333
0.083333
0.083333
0.083333
0.083333
0.083333
0.083333
0.083333
0.083333
0.083333
0.083333
0.083333
0.083333
0.083333
0.083333
0.083333
0.083333
0.083333
0.083333
0.083333
0.083333
0.083333
0.083333
0.083333
0.083333
0.083333
0.083333
0.083333
0.083333
0.083333
0.083333
